T_compute_device,T_compute_edge,T_compute_s,T_d2e,T_d_compute,T_device_edge_roundtrip,T_e_compute,T_node_edge,T_queue_s,T_total,T_worker_elapsed_s,cloud_exit_check,cloud_exit_head_compute,cloud_queue,cloud_segment_compute,confidence,d2e_transport,device_compute,difficulty,e2c_transport,edge_exit_check,edge_exit_head_compute,edge_queue,edge_segment_compute,executed_segments_by_node,exit_boundary_id,exit_id,exit_location,is_correct,label,objective_alpha,objective_beta,observed_accuracy,observed_latency,observed_utility,prediction,request_id,request_trace,sample_id,sample_index,source_index,total_latency,unattributed_overhead,user_id
0.0002529929915908724,0.02419680000093649,0.02419680000093649,0.1244764840012067,0.0002529929915908724,0.15139518400246743,0.02419680000093649,0.02691870000126073,0.0014236999995773658,0.15177271100401413,0.024272800001199357,0.0,0.0,0.0,0.0,0.9996386766433716,0.1244764840012067,0.0002529929915908724,unknown,0.0,0.0005092000028525945,0.0011231000025873072,0.0014236999995773658,0.020844899998337496,"{'device': [], 'edge': [0, 1, 2, 3, 4, 5, 6, 7, 8, 9, 10, 11, 12, 13, 14, 15, 16, 17, 18]}",19,final,edge,True,0,1.0,5.0,1.0,0.15177271100401413,0.24113644497992937,0,72261d327cbb4881aeb8b33ccc1cb3bb,"{'device_compute': 0.0002529929915908724, 'd2e_transport': 0.1244764840012067, 'edge_queue': 0.0014236999995773658, 'edge_segment_compute': 0.020844899998337496, 'edge_exit_head_compute': 0.0011231000025873072, 'edge_exit_check': 0.0005092000028525945, 'e2c_transport': 0.0, 'cloud_queue': 0.0, 'cloud_segment_compute': 0.0, 'cloud_exit_head_compute': 0.0, 'cloud_exit_check': 0.0, 'total_latency': 0.15177271100401413, 'unattributed_overhead': 0.003142334007861791, 'request_id': '72261d327cbb4881aeb8b33ccc1cb3bb', 'user_id': 1, 'prediction': 0, 'exit_id': 'final', 'exit_boundary_id': 19, 'exit_location': 'edge', 'confidence': 0.9996386766433716, 'executed_segments_by_node': {'device': [], 'edge': [0, 1, 2, 3, 4, 5, 6, 7, 8, 9, 10, 11, 12, 13, 14, 15, 16, 17, 18]}, 'nodes': [{'node': 'device', 'executed_segments': [], 'queue_s': 0.0, 'segment_compute_s': 0.0, 'exit_head_compute_s': 0.0, 'exit_check_s': 0.0, 'worker_elapsed_s': 0.0002529929915908724}, {'node': 'edge', 'executed_segments': [0, 1, 2, 3, 4, 5, 6, 7, 8, 9, 10, 11, 12, 13, 14, 15, 16, 17, 18], 'queue_s': 0.0014236999995773658, 'segment_compute_s': 0.020844899998337496, 'exit_head_compute_s': 0.0011231000025873072, 'exit_check_s': 0.0005092000028525945, 'worker_elapsed_s': 0.024272800001199357}], 'sample_id': 'balanced_000_0000_00000287', 'label': 0, 'correct': True, 'observed_utility': 0.24113644497992937}",balanced_000_0000_00000287,0,287,0.15177271100401413,0.003142334007861791,1
0.0002483080024830997,0.013475900002958952,0.013475900002958952,0.131942075000552,0.0002483080024830997,0.14841257499938365,0.013475900002958952,0.016470499998831656,0.001397500000166474,0.14877547300420702,0.013534300000173971,0.0,0.0,0.0,0.0,0.9178494811058044,0.131942075000552,0.0002483080024830997,unknown,0.0,0.00021009999909438193,0.0008529999977326952,0.001397500000166474,0.011454500010586344,"{'device': [], 'edge': [0, 1, 2, 3, 4, 5, 6, 7, 8, 9, 10, 11, 12, 13]}",14,after_layer3,edge,True,0,1.0,5.0,1.0,0.14877547300420702,0.2561226349789649,0,cf7f2e753802436aa3fcc5cd815d559e,"{'device_compute': 0.0002483080024830997, 'd2e_transport': 0.131942075000552, 'edge_queue': 0.001397500000166474, 'edge_segment_compute': 0.011454500010586344, 'edge_exit_head_compute': 0.0008529999977326952, 'edge_exit_check': 0.00021009999909438193, 'e2c_transport': 0.0, 'cloud_queue': 0.0, 'cloud_segment_compute': 0.0, 'cloud_exit_head_compute': 0.0, 'cloud_exit_check': 0.0, 'total_latency': 0.14877547300420702, 'unattributed_overhead': 0.0026699899935920257, 'request_id': 'cf7f2e753802436aa3fcc5cd815d559e', 'user_id': 1, 'prediction': 0, 'exit_id': 'after_layer3', 'exit_boundary_id': 14, 'exit_location': 'edge', 'confidence': 0.9178494811058044, 'executed_segments_by_node': {'device': [], 'edge': [0, 1, 2, 3, 4, 5, 6, 7, 8, 9, 10, 11, 12, 13]}, 'nodes': [{'node': 'device', 'executed_segments': [], 'queue_s': 0.0, 'segment_compute_s': 0.0, 'exit_head_compute_s': 0.0, 'exit_check_s': 0.0, 'worker_elapsed_s': 0.0002483080024830997}, {'node': 'edge', 'executed_segments': [0, 1, 2, 3, 4, 5, 6, 7, 8, 9, 10, 11, 12, 13], 'queue_s': 0.001397500000166474, 'segment_compute_s': 0.011454500010586344, 'exit_head_compute_s': 0.0008529999977326952, 'exit_check_s': 0.00021009999909438193, 'worker_elapsed_s': 0.013534300000173971}], 'sample_id': 'balanced_000_0001_00000857', 'label': 0, 'correct': True, 'observed_utility': 0.2561226349789649}",balanced_000_0001_00000857,1,857,0.14877547300420702,0.0026699899935920257,1
0.0002044950088020414,0.016806600000563776,0.016806600000563776,0.12463371899502818,0.0002044950088020414,0.14419771899702027,0.016806600000563776,0.0195640000019921,0.0014584000018658116,0.14451176700822543,0.01688319999811938,0.0,0.0,0.0,0.0,0.919489860534668,0.12463371899502818,0.0002044950088020414,unknown,0.0,0.000277899995126063,0.0008310999946843367,0.0014584000018658116,0.01452649999919231,"{'device': [], 'edge': [0, 1, 2, 3, 4, 5, 6, 7, 8, 9, 10, 11, 12, 13]}",14,after_layer3,edge,True,0,1.0,5.0,1.0,0.14451176700822543,0.27744116495887283,0,1e664e96e5f94702968eee8ede030238,"{'device_compute': 0.0002044950088020414, 'd2e_transport': 0.12463371899502818, 'edge_queue': 0.0014584000018658116, 'edge_segment_compute': 0.01452649999919231, 'edge_exit_head_compute': 0.0008310999946843367, 'edge_exit_check': 0.000277899995126063, 'e2c_transport': 0.0, 'cloud_queue': 0.0, 'cloud_segment_compute': 0.0, 'cloud_exit_head_compute': 0.0, 'cloud_exit_check': 0.0, 'total_latency': 0.14451176700822543, 'unattributed_overhead': 0.002579653013526695, 'request_id': '1e664e96e5f94702968eee8ede030238', 'user_id': 1, 'prediction': 0, 'exit_id': 'after_layer3', 'exit_boundary_id': 14, 'exit_location': 'edge', 'confidence': 0.919489860534668, 'executed_segments_by_node': {'device': [], 'edge': [0, 1, 2, 3, 4, 5, 6, 7, 8, 9, 10, 11, 12, 13]}, 'nodes': [{'node': 'device', 'executed_segments': [], 'queue_s': 0.0, 'segment_compute_s': 0.0, 'exit_head_compute_s': 0.0, 'exit_check_s': 0.0, 'worker_elapsed_s': 0.0002044950088020414}, {'node': 'edge', 'executed_segments': [0, 1, 2, 3, 4, 5, 6, 7, 8, 9, 10, 11, 12, 13], 'queue_s': 0.0014584000018658116, 'segment_compute_s': 0.01452649999919231, 'exit_head_compute_s': 0.0008310999946843367, 'exit_check_s': 0.000277899995126063, 'worker_elapsed_s': 0.01688319999811938}], 'sample_id': 'balanced_000_0002_00003548', 'label': 0, 'correct': True, 'observed_utility': 0.27744116495887283}",balanced_000_0002_00003548,2,3548,0.14451176700822543,0.002579653013526695,1
0.00020245798805262893,0.013345200000912882,0.013345200000912882,0.17519194500346202,0.00020245798805262893,0.20515194500330836,0.013345200000912882,0.029959999999846332,0.01547489999938989,0.20546393799304496,0.013375700000324287,0.0,0.0,0.0,0.0,0.9535862803459167,0.17519194500346202,0.00020245798805262893,unknown,0.0,0.0002015999998548068,0.0009899000033328775,0.01547489999938989,0.010752299993328052,"{'device': [], 'edge': [0, 1, 2, 3, 4, 5, 6, 7, 8, 9, 10, 11, 12, 13]}",14,after_layer3,edge,True,0,1.0,5.0,1.0,0.20546393799304496,-0.027319689965224825,0,7aff7240354c4949980ce00fd3bd437d,"{'device_compute': 0.00020245798805262893, 'd2e_transport': 0.17519194500346202, 'edge_queue': 0.01547489999938989, 'edge_segment_compute': 0.010752299993328052, 'edge_exit_head_compute': 0.0009899000033328775, 'edge_exit_check': 0.0002015999998548068, 'e2c_transport': 0.0, 'cloud_queue': 0.0, 'cloud_segment_compute': 0.0, 'cloud_exit_head_compute': 0.0, 'cloud_exit_check': 0.0, 'total_latency': 0.20546393799304496, 'unattributed_overhead': 0.0026508350056246854, 'request_id': '7aff7240354c4949980ce00fd3bd437d', 'user_id': 1, 'prediction': 0, 'exit_id': 'after_layer3', 'exit_boundary_id': 14, 'exit_location': 'edge', 'confidence': 0.9535862803459167, 'executed_segments_by_node': {'device': [], 'edge': [0, 1, 2, 3, 4, 5, 6, 7, 8, 9, 10, 11, 12, 13]}, 'nodes': [{'node': 'device', 'executed_segments': [], 'queue_s': 0.0, 'segment_compute_s': 0.0, 'exit_head_compute_s': 0.0, 'exit_check_s': 0.0, 'worker_elapsed_s': 0.00020245798805262893}, {'node': 'edge', 'executed_segments': [0, 1, 2, 3, 4, 5, 6, 7, 8, 9, 10, 11, 12, 13], 'queue_s': 0.01547489999938989, 'segment_compute_s': 0.010752299993328052, 'exit_head_compute_s': 0.0009899000033328775, 'exit_check_s': 0.0002015999998548068, 'worker_elapsed_s': 0.013375700000324287}], 'sample_id': 'balanced_000_0003_00004937', 'label': 0, 'correct': True, 'observed_utility': -0.027319689965224825}",balanced_000_0003_00004937,3,4937,0.20546393799304496,0.0026508350056246854,1
0.00022901200281921774,0.022333500000968343,0.022333500000968343,0.16156841100382735,0.00022901200281921774,0.1867202110006474,0.022333500000968343,0.025151799996820046,0.0015307000030588824,0.18707057200663257,0.02238999999826774,0.0,0.0,0.0,0.0,0.8522803783416748,0.16156841100382735,0.00022901200281921774,unknown,0.0,0.0003905000012309756,0.0014338000037241727,0.0015307000030588824,0.0192010000027949,"{'device': [], 'edge': [0, 1, 2, 3, 4, 5, 6, 7, 8, 9, 10, 11, 12, 13]}",14,after_layer3,edge,True,0,1.0,5.0,1.0,0.18707057200663257,0.06464713996683713,0,658924dc367b4afa9b5991e77ebf2210,"{'device_compute': 0.00022901200281921774, 'd2e_transport': 0.16156841100382735, 'edge_queue': 0.0015307000030588824, 'edge_segment_compute': 0.0192010000027949, 'edge_exit_head_compute': 0.0014338000037241727, 'edge_exit_check': 0.0003905000012309756, 'e2c_transport': 0.0, 'cloud_queue': 0.0, 'cloud_segment_compute': 0.0, 'cloud_exit_head_compute': 0.0, 'cloud_exit_check': 0.0, 'total_latency': 0.18707057200663257, 'unattributed_overhead': 0.002717148989177076, 'request_id': '658924dc367b4afa9b5991e77ebf2210', 'user_id': 1, 'prediction': 0, 'exit_id': 'after_layer3', 'exit_boundary_id': 14, 'exit_location': 'edge', 'confidence': 0.8522803783416748, 'executed_segments_by_node': {'device': [], 'edge': [0, 1, 2, 3, 4, 5, 6, 7, 8, 9, 10, 11, 12, 13]}, 'nodes': [{'node': 'device', 'executed_segments': [], 'queue_s': 0.0, 'segment_compute_s': 0.0, 'exit_head_compute_s': 0.0, 'exit_check_s': 0.0, 'worker_elapsed_s': 0.00022901200281921774}, {'node': 'edge', 'executed_segments': [0, 1, 2, 3, 4, 5, 6, 7, 8, 9, 10, 11, 12, 13], 'queue_s': 0.0015307000030588824, 'segment_compute_s': 0.0192010000027949, 'exit_head_compute_s': 0.0014338000037241727, 'exit_check_s': 0.0003905000012309756, 'worker_elapsed_s': 0.02238999999826774}], 'sample_id': 'balanced_000_0004_00005189', 'label': 0, 'correct': True, 'observed_utility': 0.06464713996683713}",balanced_000_0004_00005189,4,5189,0.18707057200663257,0.002717148989177076,1
0.00024186399241443723,0.014047099997696932,0.014047099997696932,0.17493311301223002,0.00024186399241443723,0.19157451300998218,0.014047099997696932,0.01664139999775216,0.001401199999236269,0.19194600399350747,0.014104800000495743,0.0,0.0,0.0,0.0,0.9278911352157593,0.17493311301223002,0.00024186399241443723,unknown,0.0,0.00021799999740323983,0.0008454999988316558,0.001401199999236269,0.011972899992542807,"{'device': [], 'edge': [0, 1, 2, 3, 4, 5, 6, 7, 8, 9, 10, 11, 12, 13]}",14,after_layer3,edge,True,0,1.0,5.0,1.0,0.19194600399350747,0.04026998003246263,0,36331f41035a4f02ba11489ad59e1cb5,"{'device_compute': 0.00024186399241443723, 'd2e_transport': 0.17493311301223002, 'edge_queue': 0.001401199999236269, 'edge_segment_compute': 0.011972899992542807, 'edge_exit_head_compute': 0.0008454999988316558, 'edge_exit_check': 0.00021799999740323983, 'e2c_transport': 0.0, 'cloud_queue': 0.0, 'cloud_segment_compute': 0.0, 'cloud_exit_head_compute': 0.0, 'cloud_exit_check': 0.0, 'total_latency': 0.19194600399350747, 'unattributed_overhead': 0.002333427000849042, 'request_id': '36331f41035a4f02ba11489ad59e1cb5', 'user_id': 1, 'prediction': 0, 'exit_id': 'after_layer3', 'exit_boundary_id': 14, 'exit_location': 'edge', 'confidence': 0.9278911352157593, 'executed_segments_by_node': {'device': [], 'edge': [0, 1, 2, 3, 4, 5, 6, 7, 8, 9, 10, 11, 12, 13]}, 'nodes': [{'node': 'device', 'executed_segments': [], 'queue_s': 0.0, 'segment_compute_s': 0.0, 'exit_head_compute_s': 0.0, 'exit_check_s': 0.0, 'worker_elapsed_s': 0.00024186399241443723}, {'node': 'edge', 'executed_segments': [0, 1, 2, 3, 4, 5, 6, 7, 8, 9, 10, 11, 12, 13], 'queue_s': 0.001401199999236269, 'segment_compute_s': 0.011972899992542807, 'exit_head_compute_s': 0.0008454999988316558, 'exit_check_s': 0.00021799999740323983, 'worker_elapsed_s': 0.014104800000495743}], 'sample_id': 'balanced_000_0005_00005293', 'label': 0, 'correct': True, 'observed_utility': 0.04026998003246263}",balanced_000_0005_00005293,5,5293,0.19194600399350747,0.002333427000849042,1
0.0003217880002921447,0.02510220000112895,0.02510220000112895,0.13201650599876302,0.0003217880002921447,0.16045880599995144,0.02510220000112895,0.028442300001188414,0.0016552000015508384,0.16089733100670855,0.025156600000627805,0.0,0.0,0.0,0.0,0.9480166435241699,0.13201650599876302,0.0003217880002921447,unknown,0.0,0.00037309999970602803,0.0014346999996632803,0.0016552000015508384,0.02186769999025273,"{'device': [], 'edge': [0, 1, 2, 3, 4, 5, 6, 7, 8, 9, 10, 11, 12, 13]}",14,after_layer3,edge,True,0,1.0,5.0,1.0,0.16089733100670855,0.19551334496645723,0,5376cb2028e141109aef25e98fb7bbc6,"{'device_compute': 0.0003217880002921447, 'd2e_transport': 0.13201650599876302, 'edge_queue': 0.0016552000015508384, 'edge_segment_compute': 0.02186769999025273, 'edge_exit_head_compute': 0.0014346999996632803, 'edge_exit_check': 0.00037309999970602803, 'e2c_transport': 0.0, 'cloud_queue': 0.0, 'cloud_segment_compute': 0.0, 'cloud_exit_head_compute': 0.0, 'cloud_exit_check': 0.0, 'total_latency': 0.16089733100670855, 'unattributed_overhead': 0.003228337016480509, 'request_id': '5376cb2028e141109aef25e98fb7bbc6', 'user_id': 1, 'prediction': 0, 'exit_id': 'after_layer3', 'exit_boundary_id': 14, 'exit_location': 'edge', 'confidence': 0.9480166435241699, 'executed_segments_by_node': {'device': [], 'edge': [0, 1, 2, 3, 4, 5, 6, 7, 8, 9, 10, 11, 12, 13]}, 'nodes': [{'node': 'device', 'executed_segments': [], 'queue_s': 0.0, 'segment_compute_s': 0.0, 'exit_head_compute_s': 0.0, 'exit_check_s': 0.0, 'worker_elapsed_s': 0.0003217880002921447}, {'node': 'edge', 'executed_segments': [0, 1, 2, 3, 4, 5, 6, 7, 8, 9, 10, 11, 12, 13], 'queue_s': 0.0016552000015508384, 'segment_compute_s': 0.02186769999025273, 'exit_head_compute_s': 0.0014346999996632803, 'exit_check_s': 0.00037309999970602803, 'worker_elapsed_s': 0.025156600000627805}], 'sample_id': 'balanced_000_0006_00007513', 'label': 0, 'correct': True, 'observed_utility': 0.19551334496645723}",balanced_000_0006_00007513,6,7513,0.16089733100670855,0.003228337016480509,1
0.00022145701223053038,0.05663989999811747,0.05663989999811747,0.17078239599140943,0.00022145701223053038,0.23462269599258434,0.05663989999811747,0.06384030000117491,0.006008500000461936,0.23496415000408888,0.05667860000176006,0.0,0.0,0.0,0.0,0.9927466511726379,0.17078239599140943,0.00022145701223053038,unknown,0.0,0.00035769999885815196,0.0017729000028339215,0.006008500000461936,0.05149400000664173,"{'device': [], 'edge': [0, 1, 2, 3, 4, 5, 6, 7, 8, 9, 10, 11, 12, 13]}",14,after_layer3,edge,True,0,1.0,5.0,1.0,0.23496415000408888,-0.1748207500204444,0,6fa72f4ab311456cb9303f7ca102cd40,"{'device_compute': 0.00022145701223053038, 'd2e_transport': 0.17078239599140943, 'edge_queue': 0.006008500000461936, 'edge_segment_compute': 0.05149400000664173, 'edge_exit_head_compute': 0.0017729000028339215, 'edge_exit_check': 0.00035769999885815196, 'e2c_transport': 0.0, 'cloud_queue': 0.0, 'cloud_segment_compute': 0.0, 'cloud_exit_head_compute': 0.0, 'cloud_exit_check': 0.0, 'total_latency': 0.23496415000408888, 'unattributed_overhead': 0.004327196991653182, 'request_id': '6fa72f4ab311456cb9303f7ca102cd40', 'user_id': 1, 'prediction': 0, 'exit_id': 'after_layer3', 'exit_boundary_id': 14, 'exit_location': 'edge', 'confidence': 0.9927466511726379, 'executed_segments_by_node': {'device': [], 'edge': [0, 1, 2, 3, 4, 5, 6, 7, 8, 9, 10, 11, 12, 13]}, 'nodes': [{'node': 'device', 'executed_segments': [], 'queue_s': 0.0, 'segment_compute_s': 0.0, 'exit_head_compute_s': 0.0, 'exit_check_s': 0.0, 'worker_elapsed_s': 0.00022145701223053038}, {'node': 'edge', 'executed_segments': [0, 1, 2, 3, 4, 5, 6, 7, 8, 9, 10, 11, 12, 13], 'queue_s': 0.006008500000461936, 'segment_compute_s': 0.05149400000664173, 'exit_head_compute_s': 0.0017729000028339215, 'exit_check_s': 0.00035769999885815196, 'worker_elapsed_s': 0.05667860000176006}], 'sample_id': 'balanced_000_0007_00007748', 'label': 0, 'correct': True, 'observed_utility': -0.1748207500204444}",balanced_000_0007_00007748,7,7748,0.23496415000408888,0.004327196991653182,1
0.00023642000451218337,0.046106900001177564,0.046106900001177564,0.12806281000302988,0.00023642000451218337,0.1770203100022627,0.046106900001177564,0.04895749999923282,0.0013433000021905173,0.17738281999481842,0.04617639999923995,0.0,0.0,0.0,0.0,0.9600778222084045,0.12806281000302988,0.00023642000451218337,unknown,0.0,0.00032300000020768493,0.0014363999980560038,0.0013433000021905173,0.04216160000214586,"{'device': [], 'edge': [0, 1, 2, 3, 4, 5, 6, 7, 8, 9, 10, 11, 12, 13]}",14,after_layer3,edge,True,0,1.0,5.0,1.0,0.17738281999481842,0.1130859000259079,0,b6de298d67204165a8af26db2d298ed6,"{'device_compute': 0.00023642000451218337, 'd2e_transport': 0.12806281000302988, 'edge_queue': 0.0013433000021905173, 'edge_segment_compute': 0.04216160000214586, 'edge_exit_head_compute': 0.0014363999980560038, 'edge_exit_check': 0.00032300000020768493, 'e2c_transport': 0.0, 'cloud_queue': 0.0, 'cloud_segment_compute': 0.0, 'cloud_exit_head_compute': 0.0, 'cloud_exit_check': 0.0, 'total_latency': 0.17738281999481842, 'unattributed_overhead': 0.0038192899846762884, 'request_id': 'b6de298d67204165a8af26db2d298ed6', 'user_id': 1, 'prediction': 0, 'exit_id': 'after_layer3', 'exit_boundary_id': 14, 'exit_location': 'edge', 'confidence': 0.9600778222084045, 'executed_segments_by_node': {'device': [], 'edge': [0, 1, 2, 3, 4, 5, 6, 7, 8, 9, 10, 11, 12, 13]}, 'nodes': [{'node': 'device', 'executed_segments': [], 'queue_s': 0.0, 'segment_compute_s': 0.0, 'exit_head_compute_s': 0.0, 'exit_check_s': 0.0, 'worker_elapsed_s': 0.00023642000451218337}, {'node': 'edge', 'executed_segments': [0, 1, 2, 3, 4, 5, 6, 7, 8, 9, 10, 11, 12, 13], 'queue_s': 0.0013433000021905173, 'segment_compute_s': 0.04216160000214586, 'exit_head_compute_s': 0.0014363999980560038, 'exit_check_s': 0.00032300000020768493, 'worker_elapsed_s': 0.04617639999923995}], 'sample_id': 'balanced_000_0008_00009021', 'label': 0, 'correct': True, 'observed_utility': 0.1130859000259079}",balanced_000_0008_00009021,8,9021,0.17738281999481842,0.0038192899846762884,1
0.0002265679941046983,0.021508300000277814,0.021508300000277814,0.14431583599798614,0.0002265679941046983,0.16929863599943928,0.021508300000277814,0.024982800001453143,0.0013340999976207968,0.16964610799914226,0.02157930000248598,0.0,0.0,0.0,0.0,0.9327638149261475,0.14431583599798614,0.0002265679941046983,unknown,0.0,0.0005318000003171619,0.0013919999983045273,0.0013340999976207968,0.018218100001831772,"{'device': [], 'edge': [0, 1, 2, 3, 4, 5, 6, 7, 8, 9, 10, 11, 12, 13]}",14,after_layer3,edge,True,0,1.0,5.0,1.0,0.16964610799914226,0.1517694600042887,0,e2e3c900c7914ccb8ff07df026bd21e2,"{'device_compute': 0.0002265679941046983, 'd2e_transport': 0.14431583599798614, 'edge_queue': 0.0013340999976207968, 'edge_segment_compute': 0.018218100001831772, 'edge_exit_head_compute': 0.0013919999983045273, 'edge_exit_check': 0.0005318000003171619, 'e2c_transport': 0.0, 'cloud_queue': 0.0, 'cloud_segment_compute': 0.0, 'cloud_exit_head_compute': 0.0, 'cloud_exit_check': 0.0, 'total_latency': 0.16964610799914226, 'unattributed_overhead': 0.0036277040089771617, 'request_id': 'e2e3c900c7914ccb8ff07df026bd21e2', 'user_id': 1, 'prediction': 0, 'exit_id': 'after_layer3', 'exit_boundary_id': 14, 'exit_location': 'edge', 'confidence': 0.9327638149261475, 'executed_segments_by_node': {'device': [], 'edge': [0, 1, 2, 3, 4, 5, 6, 7, 8, 9, 10, 11, 12, 13]}, 'nodes': [{'node': 'device', 'executed_segments': [], 'queue_s': 0.0, 'segment_compute_s': 0.0, 'exit_head_compute_s': 0.0, 'exit_check_s': 0.0, 'worker_elapsed_s': 0.0002265679941046983}, {'node': 'edge', 'executed_segments': [0, 1, 2, 3, 4, 5, 6, 7, 8, 9, 10, 11, 12, 13], 'queue_s': 0.0013340999976207968, 'segment_compute_s': 0.018218100001831772, 'exit_head_compute_s': 0.0013919999983045273, 'exit_check_s': 0.0005318000003171619, 'worker_elapsed_s': 0.02157930000248598}], 'sample_id': 'balanced_000_0009_00009272', 'label': 0, 'correct': True, 'observed_utility': 0.1517694600042887}",balanced_000_0009_00009272,9,9272,0.16964610799914226,0.0036277040089771617,1
0.00022649399761576205,0.011862800001836149,0.011862800001836149,0.1365998439869145,0.00022649399761576205,0.15092934398853686,0.011862800001836149,0.014329500001622364,0.0014602000010199845,0.15127513199695386,0.01192079999964335,0.0,0.0,0.0,0.0,0.9666271805763245,0.1365998439869145,0.00022649399761576205,unknown,0.0,0.00019160000010742806,0.0008639999978186097,0.0014602000010199845,0.009797200011234963,"{'device': [], 'edge': [0, 1, 2, 3, 4, 5, 6, 7, 8, 9, 10, 11, 12, 13]}",14,after_layer3,edge,True,1,1.0,5.0,1.0,0.15127513199695386,0.2436243400152307,1,ba16b8f478fc406b956da32fa10ecc10,"{'device_compute': 0.00022649399761576205, 'd2e_transport': 0.1365998439869145, 'edge_queue': 0.0014602000010199845, 'edge_segment_compute': 0.009797200011234963, 'edge_exit_head_compute': 0.0008639999978186097, 'edge_exit_check': 0.00019160000010742806, 'e2c_transport': 0.0, 'cloud_queue': 0.0, 'cloud_segment_compute': 0.0, 'cloud_exit_head_compute': 0.0, 'cloud_exit_check': 0.0, 'total_latency': 0.15127513199695386, 'unattributed_overhead': 0.002135794002242619, 'request_id': 'ba16b8f478fc406b956da32fa10ecc10', 'user_id': 1, 'prediction': 1, 'exit_id': 'after_layer3', 'exit_boundary_id': 14, 'exit_location': 'edge', 'confidence': 0.9666271805763245, 'executed_segments_by_node': {'device': [], 'edge': [0, 1, 2, 3, 4, 5, 6, 7, 8, 9, 10, 11, 12, 13]}, 'nodes': [{'node': 'device', 'executed_segments': [], 'queue_s': 0.0, 'segment_compute_s': 0.0, 'exit_head_compute_s': 0.0, 'exit_check_s': 0.0, 'worker_elapsed_s': 0.00022649399761576205}, {'node': 'edge', 'executed_segments': [0, 1, 2, 3, 4, 5, 6, 7, 8, 9, 10, 11, 12, 13], 'queue_s': 0.0014602000010199845, 'segment_compute_s': 0.009797200011234963, 'exit_head_compute_s': 0.0008639999978186097, 'exit_check_s': 0.00019160000010742806, 'worker_elapsed_s': 0.01192079999964335}], 'sample_id': 'balanced_001_0000_00000738', 'label': 1, 'correct': True, 'observed_utility': 0.2436243400152307}",balanced_001_0000_00000738,10,738,0.15127513199695386,0.002135794002242619,1
0.00023119800607673824,0.012290799997572321,0.012290799997572321,0.12668116599161294,0.00023119800607673824,0.14135686599183828,0.012290799997572321,0.014675700000225333,0.001293099998292746,0.14170946800732054,0.012348400003247662,0.0,0.0,0.0,0.0,0.9712700843811035,0.12668116599161294,0.00023119800607673824,unknown,0.0,0.0002027000009547919,0.0008167000050889328,0.001293099998292746,0.010293099996488309,"{'device': [], 'edge': [0, 1, 2, 3, 4, 5, 6, 7, 8, 9, 10, 11, 12, 13]}",14,after_layer3,edge,True,1,1.0,5.0,1.0,0.14170946800732054,0.2914526599633973,1,08e9a19cc33342dfb448ae54e4860ed4,"{'device_compute': 0.00023119800607673824, 'd2e_transport': 0.12668116599161294, 'edge_queue': 0.001293099998292746, 'edge_segment_compute': 0.010293099996488309, 'edge_exit_head_compute': 0.0008167000050889328, 'edge_exit_check': 0.0002027000009547919, 'e2c_transport': 0.0, 'cloud_queue': 0.0, 'cloud_segment_compute': 0.0, 'cloud_exit_head_compute': 0.0, 'cloud_exit_check': 0.0, 'total_latency': 0.14170946800732054, 'unattributed_overhead': 0.0021915040088060778, 'request_id': '08e9a19cc33342dfb448ae54e4860ed4', 'user_id': 1, 'prediction': 1, 'exit_id': 'after_layer3', 'exit_boundary_id': 14, 'exit_location': 'edge', 'confidence': 0.9712700843811035, 'executed_segments_by_node': {'device': [], 'edge': [0, 1, 2, 3, 4, 5, 6, 7, 8, 9, 10, 11, 12, 13]}, 'nodes': [{'node': 'device', 'executed_segments': [], 'queue_s': 0.0, 'segment_compute_s': 0.0, 'exit_head_compute_s': 0.0, 'exit_check_s': 0.0, 'worker_elapsed_s': 0.00023119800607673824}, {'node': 'edge', 'executed_segments': [0, 1, 2, 3, 4, 5, 6, 7, 8, 9, 10, 11, 12, 13], 'queue_s': 0.001293099998292746, 'segment_compute_s': 0.010293099996488309, 'exit_head_compute_s': 0.0008167000050889328, 'exit_check_s': 0.0002027000009547919, 'worker_elapsed_s': 0.012348400003247662}], 'sample_id': 'balanced_001_0001_00001013', 'label': 1, 'correct': True, 'observed_utility': 0.2914526599633973}",balanced_001_0001_00001013,11,1013,0.14170946800732054,0.0021915040088060778,1
0.00019579198851715773,0.010886800002481323,0.010886800002481323,0.16607234599723597,0.00019579198851715773,0.17979864600056317,0.010886800002481323,0.013726300003327196,0.0013638999989780132,0.18010299099842086,0.010949299998173956,0.0,0.0,0.0,0.0,0.9631404876708984,0.16607234599723597,0.00019579198851715773,unknown,0.0,0.00020539999968605116,0.0007558999968750868,0.0013638999989780132,0.009249499988072785,"{'device': [], 'edge': [0, 1, 2, 3, 4, 5, 6, 7, 8, 9, 10, 11, 12, 13]}",14,after_layer3,edge,True,1,1.0,5.0,1.0,0.18010299099842086,0.09948504500789568,1,a45ab029d43c4abfb9219ca68ad4d73a,"{'device_compute': 0.00019579198851715773, 'd2e_transport': 0.16607234599723597, 'edge_queue': 0.0013638999989780132, 'edge_segment_compute': 0.009249499988072785, 'edge_exit_head_compute': 0.0007558999968750868, 'edge_exit_check': 0.00020539999968605116, 'e2c_transport': 0.0, 'cloud_queue': 0.0, 'cloud_segment_compute': 0.0, 'cloud_exit_head_compute': 0.0, 'cloud_exit_check': 0.0, 'total_latency': 0.18010299099842086, 'unattributed_overhead': 0.0022601530290558003, 'request_id': 'a45ab029d43c4abfb9219ca68ad4d73a', 'user_id': 1, 'prediction': 1, 'exit_id': 'after_layer3', 'exit_boundary_id': 14, 'exit_location': 'edge', 'confidence': 0.9631404876708984, 'executed_segments_by_node': {'device': [], 'edge': [0, 1, 2, 3, 4, 5, 6, 7, 8, 9, 10, 11, 12, 13]}, 'nodes': [{'node': 'device', 'executed_segments': [], 'queue_s': 0.0, 'segment_compute_s': 0.0, 'exit_head_compute_s': 0.0, 'exit_check_s': 0.0, 'worker_elapsed_s': 0.00019579198851715773}, {'node': 'edge', 'executed_segments': [0, 1, 2, 3, 4, 5, 6, 7, 8, 9, 10, 11, 12, 13], 'queue_s': 0.0013638999989780132, 'segment_compute_s': 0.009249499988072785, 'exit_head_compute_s': 0.0007558999968750868, 'exit_check_s': 0.00020539999968605116, 'worker_elapsed_s': 0.010949299998173956}], 'sample_id': 'balanced_001_0002_00002042', 'label': 1, 'correct': True, 'observed_utility': 0.09948504500789568}",balanced_001_0002_00002042,12,2042,0.18010299099842086,0.0022601530290558003,1
0.0001966250129044056,0.019449299998086644,0.019449299998086644,0.1510215119960776,0.0001966250129044056,0.17315811199659947,0.019449299998086644,0.022136600000521867,0.0012467999986256473,0.17346412299957592,0.019521099999110447,0.0,0.0,0.0,0.0,0.9908519387245178,0.1510215119960776,0.0001966250129044056,unknown,0.0,0.00046040000233915634,0.0008926000045903493,0.0012467999986256473,0.017235999996046303,"{'device': [], 'edge': [0, 1, 2, 3, 4, 5, 6, 7, 8, 9, 10, 11, 12, 13]}",14,after_layer3,edge,True,1,1.0,5.0,1.0,0.17346412299957592,0.1326793850021204,1,641ab37254b649e697cc85fc41304409,"{'device_compute': 0.0001966250129044056, 'd2e_transport': 0.1510215119960776, 'edge_queue': 0.0012467999986256473, 'edge_segment_compute': 0.017235999996046303, 'edge_exit_head_compute': 0.0008926000045903493, 'edge_exit_check': 0.00046040000233915634, 'e2c_transport': 0.0, 'cloud_queue': 0.0, 'cloud_segment_compute': 0.0, 'cloud_exit_head_compute': 0.0, 'cloud_exit_check': 0.0, 'total_latency': 0.17346412299957592, 'unattributed_overhead': 0.0024101859889924526, 'request_id': '641ab37254b649e697cc85fc41304409', 'user_id': 1, 'prediction': 1, 'exit_id': 'after_layer3', 'exit_boundary_id': 14, 'exit_location': 'edge', 'confidence': 0.9908519387245178, 'executed_segments_by_node': {'device': [], 'edge': [0, 1, 2, 3, 4, 5, 6, 7, 8, 9, 10, 11, 12, 13]}, 'nodes': [{'node': 'device', 'executed_segments': [], 'queue_s': 0.0, 'segment_compute_s': 0.0, 'exit_head_compute_s': 0.0, 'exit_check_s': 0.0, 'worker_elapsed_s': 0.0001966250129044056}, {'node': 'edge', 'executed_segments': [0, 1, 2, 3, 4, 5, 6, 7, 8, 9, 10, 11, 12, 13], 'queue_s': 0.0012467999986256473, 'segment_compute_s': 0.017235999996046303, 'exit_head_compute_s': 0.0008926000045903493, 'exit_check_s': 0.00046040000233915634, 'worker_elapsed_s': 0.019521099999110447}], 'sample_id': 'balanced_001_0003_00003348', 'label': 1, 'correct': True, 'observed_utility': 0.1326793850021204}",balanced_001_0003_00003348,13,3348,0.17346412299957592,0.0024101859889924526,1
0.0002151240041712299,0.013138500002241926,0.013138500002241926,0.11565013598738005,0.0002151240041712299,0.1317405359877739,0.013138500002241926,0.016090400000393856,0.0018433000004733913,0.13207284300005995,0.01319359999979497,0.0,0.0,0.0,0.0,0.993776798248291,0.11565013598738005,0.0002151240041712299,unknown,0.0,0.00018570000247564167,0.0010366000060457736,0.0018433000004733913,0.010572400005912641,"{'device': [], 'edge': [0, 1, 2, 3, 4, 5, 6, 7, 8, 9, 10, 11, 12, 13]}",14,after_layer3,edge,True,1,1.0,5.0,1.0,0.13207284300005995,0.33963578499970026,1,7471e422c5944120a124c32638e8518b,"{'device_compute': 0.0002151240041712299, 'd2e_transport': 0.11565013598738005, 'edge_queue': 0.0018433000004733913, 'edge_segment_compute': 0.010572400005912641, 'edge_exit_head_compute': 0.0010366000060457736, 'edge_exit_check': 0.00018570000247564167, 'e2c_transport': 0.0, 'cloud_queue': 0.0, 'cloud_segment_compute': 0.0, 'cloud_exit_head_compute': 0.0, 'cloud_exit_check': 0.0, 'total_latency': 0.13207284300005995, 'unattributed_overhead': 0.002569582993601216, 'request_id': '7471e422c5944120a124c32638e8518b', 'user_id': 1, 'prediction': 1, 'exit_id': 'after_layer3', 'exit_boundary_id': 14, 'exit_location': 'edge', 'confidence': 0.993776798248291, 'executed_segments_by_node': {'device': [], 'edge': [0, 1, 2, 3, 4, 5, 6, 7, 8, 9, 10, 11, 12, 13]}, 'nodes': [{'node': 'device', 'executed_segments': [], 'queue_s': 0.0, 'segment_compute_s': 0.0, 'exit_head_compute_s': 0.0, 'exit_check_s': 0.0, 'worker_elapsed_s': 0.0002151240041712299}, {'node': 'edge', 'executed_segments': [0, 1, 2, 3, 4, 5, 6, 7, 8, 9, 10, 11, 12, 13], 'queue_s': 0.0018433000004733913, 'segment_compute_s': 0.010572400005912641, 'exit_head_compute_s': 0.0010366000060457736, 'exit_check_s': 0.00018570000247564167, 'worker_elapsed_s': 0.01319359999979497}], 'sample_id': 'balanced_001_0004_00004762', 'label': 1, 'correct': True, 'observed_utility': 0.33963578499970026}",balanced_001_0004_00004762,14,4762,0.13207284300005995,0.002569582993601216,1
0.00022256899683270603,0.018307099999219645,0.018307099999219645,0.1373524339942378,0.00022256899683270603,0.15859133399499115,0.018307099999219645,0.021238900000753347,0.0013880999977118336,0.15893751100520603,0.018391400000837166,0.0,0.0,0.0,0.0,0.9901009798049927,0.1373524339942378,0.00022256899683270603,unknown,0.0,0.0002590000003692694,0.00087100000018836,0.0013880999977118336,0.01605829999243724,"{'device': [], 'edge': [0, 1, 2, 3, 4, 5, 6, 7, 8, 9, 10, 11, 12, 13]}",14,after_layer3,edge,True,1,1.0,5.0,1.0,0.15893751100520603,0.20531244497396983,1,a8e6315ead82441ebb9ff2e38dadae35,"{'device_compute': 0.00022256899683270603, 'd2e_transport': 0.1373524339942378, 'edge_queue': 0.0013880999977118336, 'edge_segment_compute': 0.01605829999243724, 'edge_exit_head_compute': 0.00087100000018836, 'edge_exit_check': 0.0002590000003692694, 'e2c_transport': 0.0, 'cloud_queue': 0.0, 'cloud_segment_compute': 0.0, 'cloud_exit_head_compute': 0.0, 'cloud_exit_check': 0.0, 'total_latency': 0.15893751100520603, 'unattributed_overhead': 0.002786108023428824, 'request_id': 'a8e6315ead82441ebb9ff2e38dadae35', 'user_id': 1, 'prediction': 1, 'exit_id': 'after_layer3', 'exit_boundary_id': 14, 'exit_location': 'edge', 'confidence': 0.9901009798049927, 'executed_segments_by_node': {'device': [], 'edge': [0, 1, 2, 3, 4, 5, 6, 7, 8, 9, 10, 11, 12, 13]}, 'nodes': [{'node': 'device', 'executed_segments': [], 'queue_s': 0.0, 'segment_compute_s': 0.0, 'exit_head_compute_s': 0.0, 'exit_check_s': 0.0, 'worker_elapsed_s': 0.00022256899683270603}, {'node': 'edge', 'executed_segments': [0, 1, 2, 3, 4, 5, 6, 7, 8, 9, 10, 11, 12, 13], 'queue_s': 0.0013880999977118336, 'segment_compute_s': 0.01605829999243724, 'exit_head_compute_s': 0.00087100000018836, 'exit_check_s': 0.0002590000003692694, 'worker_elapsed_s': 0.018391400000837166}], 'sample_id': 'balanced_001_0005_00006159', 'label': 1, 'correct': True, 'observed_utility': 0.20531244497396983}",balanced_001_0005_00006159,15,6159,0.15893751100520603,0.002786108023428824,1
0.0002119389973813668,0.02172219999920344,0.02172219999920344,0.13374045599994133,0.0002119389973813668,0.15981065599771682,0.02172219999920344,0.02607019999777549,0.0019854000020131934,0.16014349900069647,0.021769799997855444,0.0,0.0,0.0,0.0,0.9436551928520203,0.13374045599994133,0.0002119389973813668,unknown,0.0,0.00019330000213813037,0.0010905999988608528,0.0019854000020131934,0.018924100008007372,"{'device': [], 'edge': [0, 1, 2, 3, 4, 5, 6, 7, 8, 9, 10, 11, 12, 13]}",14,after_layer3,edge,True,1,1.0,5.0,1.0,0.16014349900069647,0.19928250499651767,1,bb6185c13fec4b3fb5820dd0303aceac,"{'device_compute': 0.0002119389973813668, 'd2e_transport': 0.13374045599994133, 'edge_queue': 0.0019854000020131934, 'edge_segment_compute': 0.018924100008007372, 'edge_exit_head_compute': 0.0010905999988608528, 'edge_exit_check': 0.00019330000213813037, 'e2c_transport': 0.0, 'cloud_queue': 0.0, 'cloud_segment_compute': 0.0, 'cloud_exit_head_compute': 0.0, 'cloud_exit_check': 0.0, 'total_latency': 0.16014349900069647, 'unattributed_overhead': 0.003997703992354218, 'request_id': 'bb6185c13fec4b3fb5820dd0303aceac', 'user_id': 1, 'prediction': 1, 'exit_id': 'after_layer3', 'exit_boundary_id': 14, 'exit_location': 'edge', 'confidence': 0.9436551928520203, 'executed_segments_by_node': {'device': [], 'edge': [0, 1, 2, 3, 4, 5, 6, 7, 8, 9, 10, 11, 12, 13]}, 'nodes': [{'node': 'device', 'executed_segments': [], 'queue_s': 0.0, 'segment_compute_s': 0.0, 'exit_head_compute_s': 0.0, 'exit_check_s': 0.0, 'worker_elapsed_s': 0.0002119389973813668}, {'node': 'edge', 'executed_segments': [0, 1, 2, 3, 4, 5, 6, 7, 8, 9, 10, 11, 12, 13], 'queue_s': 0.0019854000020131934, 'segment_compute_s': 0.018924100008007372, 'exit_head_compute_s': 0.0010905999988608528, 'exit_check_s': 0.00019330000213813037, 'worker_elapsed_s': 0.021769799997855444}], 'sample_id': 'balanced_001_0006_00006445', 'label': 1, 'correct': True, 'observed_utility': 0.19928250499651767}",balanced_001_0006_00006445,16,6445,0.16014349900069647,0.003997703992354218,1
0.00021636499150190502,0.012749699999403674,0.012749699999403674,0.11586993598757545,0.00021636499150190502,0.13105853598972317,0.012749699999403674,0.015188600002147723,0.0011007000030076597,0.13139315698936116,0.012806199996703072,0.0,0.0,0.0,0.0,0.91945880651474,0.11586993598757545,0.00021636499150190502,unknown,0.0,0.00022620000163442455,0.0007557999997516163,0.0011007000030076597,0.010818799994012807,"{'device': [], 'edge': [0, 1, 2, 3, 4, 5, 6, 7, 8, 9, 10, 11, 12, 13]}",14,after_layer3,edge,True,1,1.0,5.0,1.0,0.13139315698936116,0.3430342150531942,1,585f7dbbd8fc4b67acb974ae2be7c885,"{'device_compute': 0.00021636499150190502, 'd2e_transport': 0.11586993598757545, 'edge_queue': 0.0011007000030076597, 'edge_segment_compute': 0.010818799994012807, 'edge_exit_head_compute': 0.0007557999997516163, 'edge_exit_check': 0.00022620000163442455, 'e2c_transport': 0.0, 'cloud_queue': 0.0, 'cloud_segment_compute': 0.0, 'cloud_exit_head_compute': 0.0, 'cloud_exit_check': 0.0, 'total_latency': 0.13139315698936116, 'unattributed_overhead': 0.002405356011877302, 'request_id': '585f7dbbd8fc4b67acb974ae2be7c885', 'user_id': 1, 'prediction': 1, 'exit_id': 'after_layer3', 'exit_boundary_id': 14, 'exit_location': 'edge', 'confidence': 0.91945880651474, 'executed_segments_by_node': {'device': [], 'edge': [0, 1, 2, 3, 4, 5, 6, 7, 8, 9, 10, 11, 12, 13]}, 'nodes': [{'node': 'device', 'executed_segments': [], 'queue_s': 0.0, 'segment_compute_s': 0.0, 'exit_head_compute_s': 0.0, 'exit_check_s': 0.0, 'worker_elapsed_s': 0.00021636499150190502}, {'node': 'edge', 'executed_segments': [0, 1, 2, 3, 4, 5, 6, 7, 8, 9, 10, 11, 12, 13], 'queue_s': 0.0011007000030076597, 'segment_compute_s': 0.010818799994012807, 'exit_head_compute_s': 0.0007557999997516163, 'exit_check_s': 0.00022620000163442455, 'worker_elapsed_s': 0.012806199996703072}], 'sample_id': 'balanced_001_0007_00007071', 'label': 1, 'correct': True, 'observed_utility': 0.3430342150531942}",balanced_001_0007_00007071,17,7071,0.13139315698936116,0.002405356011877302,1
0.00019964300736319274,0.0144588000002841,0.0144588000002841,0.10939655199763365,0.00019964300736319274,0.1266343519964721,0.0144588000002841,0.017237799998838454,0.001445999998395564,0.1269457140006125,0.014529800002492266,0.0,0.0,0.0,0.0,0.9936909675598145,0.10939655199763365,0.00019964300736319274,unknown,0.0,0.0002007000002777204,0.0009586000014678575,0.001445999998395564,0.011951799999224022,"{'device': [], 'edge': [0, 1, 2, 3, 4, 5, 6, 7, 8, 9, 10, 11, 12, 13]}",14,after_layer3,edge,True,1,1.0,5.0,1.0,0.1269457140006125,0.3652714299969375,1,df6babd0ee654011ab00e9f30224ac9d,"{'device_compute': 0.00019964300736319274, 'd2e_transport': 0.10939655199763365, 'edge_queue': 0.001445999998395564, 'edge_segment_compute': 0.011951799999224022, 'edge_exit_head_compute': 0.0009586000014678575, 'edge_exit_check': 0.0002007000002777204, 'e2c_transport': 0.0, 'cloud_queue': 0.0, 'cloud_segment_compute': 0.0, 'cloud_exit_head_compute': 0.0, 'cloud_exit_check': 0.0, 'total_latency': 0.1269457140006125, 'unattributed_overhead': 0.0027924189962504897, 'request_id': 'df6babd0ee654011ab00e9f30224ac9d', 'user_id': 1, 'prediction': 1, 'exit_id': 'after_layer3', 'exit_boundary_id': 14, 'exit_location': 'edge', 'confidence': 0.9936909675598145, 'executed_segments_by_node': {'device': [], 'edge': [0, 1, 2, 3, 4, 5, 6, 7, 8, 9, 10, 11, 12, 13]}, 'nodes': [{'node': 'device', 'executed_segments': [], 'queue_s': 0.0, 'segment_compute_s': 0.0, 'exit_head_compute_s': 0.0, 'exit_check_s': 0.0, 'worker_elapsed_s': 0.00019964300736319274}, {'node': 'edge', 'executed_segments': [0, 1, 2, 3, 4, 5, 6, 7, 8, 9, 10, 11, 12, 13], 'queue_s': 0.001445999998395564, 'segment_compute_s': 0.011951799999224022, 'exit_head_compute_s': 0.0009586000014678575, 'exit_check_s': 0.0002007000002777204, 'worker_elapsed_s': 0.014529800002492266}], 'sample_id': 'balanced_001_0008_00007114', 'label': 1, 'correct': True, 'observed_utility': 0.3652714299969375}",balanced_001_0008_00007114,18,7114,0.1269457140006125,0.0027924189962504897,1
0.00024230900453403592,0.04329390000202693,0.04329390000202693,0.10631529400779982,0.00024230900453403592,0.1521722940087784,0.04329390000202693,0.04585700000097859,0.001427200000762241,0.1525546549964929,0.043369499999244,0.0,0.0,0.0,0.0,0.8844002485275269,0.10631529400779982,0.00024230900453403592,unknown,0.0,0.0002753999979177024,0.0015306999994209036,0.001427200000762241,0.038323199998558266,"{'device': [], 'edge': [0, 1, 2, 3, 4, 5, 6, 7, 8, 9, 10, 11, 12, 13]}",14,after_layer3,edge,True,1,1.0,5.0,1.0,0.1525546549964929,0.2372267250175355,1,3af4d7ac11a64996a13bbdbd3561405a,"{'device_compute': 0.00024230900453403592, 'd2e_transport': 0.10631529400779982, 'edge_queue': 0.001427200000762241, 'edge_segment_compute': 0.038323199998558266, 'edge_exit_head_compute': 0.0015306999994209036, 'edge_exit_check': 0.0002753999979177024, 'e2c_transport': 0.0, 'cloud_queue': 0.0, 'cloud_segment_compute': 0.0, 'cloud_exit_head_compute': 0.0, 'cloud_exit_check': 0.0, 'total_latency': 0.1525546549964929, 'unattributed_overhead': 0.00444055198749993, 'request_id': '3af4d7ac11a64996a13bbdbd3561405a', 'user_id': 1, 'prediction': 1, 'exit_id': 'after_layer3', 'exit_boundary_id': 14, 'exit_location': 'edge', 'confidence': 0.8844002485275269, 'executed_segments_by_node': {'device': [], 'edge': [0, 1, 2, 3, 4, 5, 6, 7, 8, 9, 10, 11, 12, 13]}, 'nodes': [{'node': 'device', 'executed_segments': [], 'queue_s': 0.0, 'segment_compute_s': 0.0, 'exit_head_compute_s': 0.0, 'exit_check_s': 0.0, 'worker_elapsed_s': 0.00024230900453403592}, {'node': 'edge', 'executed_segments': [0, 1, 2, 3, 4, 5, 6, 7, 8, 9, 10, 11, 12, 13], 'queue_s': 0.001427200000762241, 'segment_compute_s': 0.038323199998558266, 'exit_head_compute_s': 0.0015306999994209036, 'exit_check_s': 0.0002753999979177024, 'worker_elapsed_s': 0.043369499999244}], 'sample_id': 'balanced_001_0009_00009974', 'label': 1, 'correct': True, 'observed_utility': 0.2372267250175355}",balanced_001_0009_00009974,19,9974,0.1525546549964929,0.00444055198749993,1
0.00022634600463788956,0.026926999998977408,0.026926999998977408,0.16225379199750023,0.00022634600463788956,0.19246499199653044,0.026926999998977408,0.030211199999030214,0.001950499998201849,0.1928140380041441,0.027033999998820946,0.0,0.0,0.0,0.0,0.9999990463256836,0.16225379199750023,0.00022634600463788956,unknown,0.0,0.0005959000009170268,0.0012300999987928662,0.001950499998201849,0.023538099998404505,"{'device': [], 'edge': [0, 1, 2, 3, 4, 5, 6, 7, 8, 9, 10, 11, 12, 13, 14, 15, 16, 17, 18]}",19,final,edge,True,2,1.0,5.0,1.0,0.1928140380041441,0.035929809979279526,2,d5498565b782464d8fdfa0348ceb7d1d,"{'device_compute': 0.00022634600463788956, 'd2e_transport': 0.16225379199750023, 'edge_queue': 0.001950499998201849, 'edge_segment_compute': 0.023538099998404505, 'edge_exit_head_compute': 0.0012300999987928662, 'edge_exit_check': 0.0005959000009170268, 'e2c_transport': 0.0, 'cloud_queue': 0.0, 'cloud_segment_compute': 0.0, 'cloud_exit_head_compute': 0.0, 'cloud_exit_check': 0.0, 'total_latency': 0.1928140380041441, 'unattributed_overhead': 0.003019300005689729, 'request_id': 'd5498565b782464d8fdfa0348ceb7d1d', 'user_id': 1, 'prediction': 2, 'exit_id': 'final', 'exit_boundary_id': 19, 'exit_location': 'edge', 'confidence': 0.9999990463256836, 'executed_segments_by_node': {'device': [], 'edge': [0, 1, 2, 3, 4, 5, 6, 7, 8, 9, 10, 11, 12, 13, 14, 15, 16, 17, 18]}, 'nodes': [{'node': 'device', 'executed_segments': [], 'queue_s': 0.0, 'segment_compute_s': 0.0, 'exit_head_compute_s': 0.0, 'exit_check_s': 0.0, 'worker_elapsed_s': 0.00022634600463788956}, {'node': 'edge', 'executed_segments': [0, 1, 2, 3, 4, 5, 6, 7, 8, 9, 10, 11, 12, 13, 14, 15, 16, 17, 18], 'queue_s': 0.001950499998201849, 'segment_compute_s': 0.023538099998404505, 'exit_head_compute_s': 0.0012300999987928662, 'exit_check_s': 0.0005959000009170268, 'worker_elapsed_s': 0.027033999998820946}], 'sample_id': 'balanced_002_0000_00000303', 'label': 2, 'correct': True, 'observed_utility': 0.035929809979279526}",balanced_002_0000_00000303,20,303,0.1928140380041441,0.003019300005689729,1
0.00019536601030267775,0.016842400000314228,0.016842400000314228,0.1249948839940771,0.00019536601030267775,0.14500338399375323,0.016842400000314228,0.020008499999676133,0.002065600001515122,0.1453063210065011,0.016896699999051634,0.0,0.0,0.0,0.0,0.9995334148406982,0.1249948839940771,0.00019536601030267775,unknown,0.0,0.00027100000079371966,0.0008772000037424732,0.002065600001515122,0.014371500008564908,"{'device': [], 'edge': [0, 1, 2, 3, 4, 5, 6, 7, 8, 9, 10, 11, 12, 13, 14, 15, 16, 17, 18]}",19,final,edge,True,2,1.0,5.0,1.0,0.1453063210065011,0.27346839496749453,2,718e70b78a1d4b9d8dad6a174cc715e3,"{'device_compute': 0.00019536601030267775, 'd2e_transport': 0.1249948839940771, 'edge_queue': 0.002065600001515122, 'edge_segment_compute': 0.014371500008564908, 'edge_exit_head_compute': 0.0008772000037424732, 'edge_exit_check': 0.00027100000079371966, 'e2c_transport': 0.0, 'cloud_queue': 0.0, 'cloud_segment_compute': 0.0, 'cloud_exit_head_compute': 0.0, 'cloud_exit_check': 0.0, 'total_latency': 0.1453063210065011, 'unattributed_overhead': 0.0025307709875050932, 'request_id': '718e70b78a1d4b9d8dad6a174cc715e3', 'user_id': 1, 'prediction': 2, 'exit_id': 'final', 'exit_boundary_id': 19, 'exit_location': 'edge', 'confidence': 0.9995334148406982, 'executed_segments_by_node': {'device': [], 'edge': [0, 1, 2, 3, 4, 5, 6, 7, 8, 9, 10, 11, 12, 13, 14, 15, 16, 17, 18]}, 'nodes': [{'node': 'device', 'executed_segments': [], 'queue_s': 0.0, 'segment_compute_s': 0.0, 'exit_head_compute_s': 0.0, 'exit_check_s': 0.0, 'worker_elapsed_s': 0.00019536601030267775}, {'node': 'edge', 'executed_segments': [0, 1, 2, 3, 4, 5, 6, 7, 8, 9, 10, 11, 12, 13, 14, 15, 16, 17, 18], 'queue_s': 0.002065600001515122, 'segment_compute_s': 0.014371500008564908, 'exit_head_compute_s': 0.0008772000037424732, 'exit_check_s': 0.00027100000079371966, 'worker_elapsed_s': 0.016896699999051634}], 'sample_id': 'balanced_002_0001_00002321', 'label': 2, 'correct': True, 'observed_utility': 0.27346839496749453}",balanced_002_0001_00002321,21,2321,0.1453063210065011,0.0025307709875050932,1
8.27939948067069e-05,0.02265089999855263,0.02265089999855263,0.09779105200868798,8.27939948067069e-05,0.1236833520088112,0.02265089999855263,0.025892300000123214,0.0019169999977748375,0.12382094099302776,0.022724400001607137,0.0,0.0,0.0,0.0,0.9991495609283447,0.09779105200868798,8.27939948067069e-05,unknown,0.0,0.0004165999998804182,0.0008458000011160038,0.0019169999977748375,0.020121499997912906,"{'device': [], 'edge': [0, 1, 2, 3, 4, 5, 6, 7, 8, 9, 10, 11, 12, 13, 14, 15, 16, 17, 18]}",19,final,edge,True,2,1.0,5.0,1.0,0.12382094099302776,0.3808952950348612,2,53aa1cadcc84468ab671dfdf445e3e17,"{'device_compute': 8.27939948067069e-05, 'd2e_transport': 0.09779105200868798, 'edge_queue': 0.0019169999977748375, 'edge_segment_compute': 0.020121499997912906, 'edge_exit_head_compute': 0.0008458000011160038, 'edge_exit_check': 0.0004165999998804182, 'e2c_transport': 0.0, 'cloud_queue': 0.0, 'cloud_segment_compute': 0.0, 'cloud_exit_head_compute': 0.0, 'cloud_exit_check': 0.0, 'total_latency': 0.12382094099302776, 'unattributed_overhead': 0.002646194992848905, 'request_id': '53aa1cadcc84468ab671dfdf445e3e17', 'user_id': 1, 'prediction': 2, 'exit_id': 'final', 'exit_boundary_id': 19, 'exit_location': 'edge', 'confidence': 0.9991495609283447, 'executed_segments_by_node': {'device': [], 'edge': [0, 1, 2, 3, 4, 5, 6, 7, 8, 9, 10, 11, 12, 13, 14, 15, 16, 17, 18]}, 'nodes': [{'node': 'device', 'executed_segments': [], 'queue_s': 0.0, 'segment_compute_s': 0.0, 'exit_head_compute_s': 0.0, 'exit_check_s': 0.0, 'worker_elapsed_s': 8.27939948067069e-05}, {'node': 'edge', 'executed_segments': [0, 1, 2, 3, 4, 5, 6, 7, 8, 9, 10, 11, 12, 13, 14, 15, 16, 17, 18], 'queue_s': 0.0019169999977748375, 'segment_compute_s': 0.020121499997912906, 'exit_head_compute_s': 0.0008458000011160038, 'exit_check_s': 0.0004165999998804182, 'worker_elapsed_s': 0.022724400001607137}], 'sample_id': 'balanced_002_0002_00003673', 'label': 2, 'correct': True, 'observed_utility': 0.3808952950348612}",balanced_002_0002_00003673,22,3673,0.12382094099302776,0.002646194992848905,1
0.00022260499827098101,0.025003300001117168,0.025003300001117168,0.11137565400713356,0.00022260499827098101,0.13993925400427543,0.025003300001117168,0.028563599997141864,0.001964099999895552,0.14031954000529367,0.025117500001215376,0.0,0.0,0.0,0.0,0.9999701976776123,0.11137565400713356,0.00022260499827098101,unknown,0.0,0.0004740999975183513,0.0013582000028691255,0.001964099999895552,0.02140559999315883,"{'device': [], 'edge': [0, 1, 2, 3, 4, 5, 6, 7, 8, 9, 10, 11, 12, 13, 14, 15, 16, 17, 18]}",19,final,edge,True,2,1.0,5.0,1.0,0.14031954000529367,0.2984022999735316,2,bc06fc6444574cbc8599c3307f32887b,"{'device_compute': 0.00022260499827098101, 'd2e_transport': 0.11137565400713356, 'edge_queue': 0.001964099999895552, 'edge_segment_compute': 0.02140559999315883, 'edge_exit_head_compute': 0.0013582000028691255, 'edge_exit_check': 0.0004740999975183513, 'e2c_transport': 0.0, 'cloud_queue': 0.0, 'cloud_segment_compute': 0.0, 'cloud_exit_head_compute': 0.0, 'cloud_exit_check': 0.0, 'total_latency': 0.14031954000529367, 'unattributed_overhead': 0.0035192810064472724, 'request_id': 'bc06fc6444574cbc8599c3307f32887b', 'user_id': 1, 'prediction': 2, 'exit_id': 'final', 'exit_boundary_id': 19, 'exit_location': 'edge', 'confidence': 0.9999701976776123, 'executed_segments_by_node': {'device': [], 'edge': [0, 1, 2, 3, 4, 5, 6, 7, 8, 9, 10, 11, 12, 13, 14, 15, 16, 17, 18]}, 'nodes': [{'node': 'device', 'executed_segments': [], 'queue_s': 0.0, 'segment_compute_s': 0.0, 'exit_head_compute_s': 0.0, 'exit_check_s': 0.0, 'worker_elapsed_s': 0.00022260499827098101}, {'node': 'edge', 'executed_segments': [0, 1, 2, 3, 4, 5, 6, 7, 8, 9, 10, 11, 12, 13, 14, 15, 16, 17, 18], 'queue_s': 0.001964099999895552, 'segment_compute_s': 0.02140559999315883, 'exit_head_compute_s': 0.0013582000028691255, 'exit_check_s': 0.0004740999975183513, 'worker_elapsed_s': 0.025117500001215376}], 'sample_id': 'balanced_002_0003_00005477', 'label': 2, 'correct': True, 'observed_utility': 0.2984022999735316}",balanced_002_0003_00005477,23,5477,0.14031954000529367,0.0035192810064472724,1
0.00022547600383404642,0.020075099997484358,0.020075099997484358,0.11236154500875273,0.00022547600383404642,0.13663624500622973,0.020075099997484358,0.024274699997477,0.001656700002058642,0.13700177300779615,0.020243399998435052,0.0,0.0,0.0,0.0,0.9949501752853394,0.11236154500875273,0.00022547600383404642,unknown,0.0,0.0002952999966510106,0.0009568000023136847,0.001656700002058642,0.017321600003924686,"{'device': [], 'edge': [0, 1, 2, 3, 4, 5, 6, 7, 8, 9, 10, 11, 12, 13, 14, 15, 16, 17, 18]}",19,final,edge,True,2,1.0,5.0,1.0,0.13700177300779615,0.31499113496101927,2,657120e70351424c85cc3a08e0bdbff4,"{'device_compute': 0.00022547600383404642, 'd2e_transport': 0.11236154500875273, 'edge_queue': 0.001656700002058642, 'edge_segment_compute': 0.017321600003924686, 'edge_exit_head_compute': 0.0009568000023136847, 'edge_exit_check': 0.0002952999966510106, 'e2c_transport': 0.0, 'cloud_queue': 0.0, 'cloud_segment_compute': 0.0, 'cloud_exit_head_compute': 0.0, 'cloud_exit_check': 0.0, 'total_latency': 0.13700177300779615, 'unattributed_overhead': 0.004184351990261348, 'request_id': '657120e70351424c85cc3a08e0bdbff4', 'user_id': 1, 'prediction': 2, 'exit_id': 'final', 'exit_boundary_id': 19, 'exit_location': 'edge', 'confidence': 0.9949501752853394, 'executed_segments_by_node': {'device': [], 'edge': [0, 1, 2, 3, 4, 5, 6, 7, 8, 9, 10, 11, 12, 13, 14, 15, 16, 17, 18]}, 'nodes': [{'node': 'device', 'executed_segments': [], 'queue_s': 0.0, 'segment_compute_s': 0.0, 'exit_head_compute_s': 0.0, 'exit_check_s': 0.0, 'worker_elapsed_s': 0.00022547600383404642}, {'node': 'edge', 'executed_segments': [0, 1, 2, 3, 4, 5, 6, 7, 8, 9, 10, 11, 12, 13, 14, 15, 16, 17, 18], 'queue_s': 0.001656700002058642, 'segment_compute_s': 0.017321600003924686, 'exit_head_compute_s': 0.0009568000023136847, 'exit_check_s': 0.0002952999966510106, 'worker_elapsed_s': 0.020243399998435052}], 'sample_id': 'balanced_002_0004_00006715', 'label': 2, 'correct': True, 'observed_utility': 0.31499113496101927}",balanced_002_0004_00006715,24,6715,0.13700177300779615,0.004184351990261348,1
0.00027525200857780874,0.018988499999977648,0.018988499999977648,0.12389628000164521,0.00027525200857780874,0.1456029800028773,0.018988499999977648,0.021706700001232093,0.0014951000011933502,0.14600828400580212,0.01906080000117072,0.0,0.0,0.0,0.0,0.9398300051689148,0.12389628000164521,0.00027525200857780874,unknown,0.0,0.0003797999997914303,0.0011573000010685064,0.0014951000011933502,0.016173199994227616,"{'device': [], 'edge': [0, 1, 2, 3, 4, 5, 6, 7, 8, 9, 10, 11, 12, 13]}",14,after_layer3,edge,True,2,1.0,5.0,1.0,0.14600828400580212,0.2699585799709894,2,daddcb2903154102b45afde2ee568f56,"{'device_compute': 0.00027525200857780874, 'd2e_transport': 0.12389628000164521, 'edge_queue': 0.0014951000011933502, 'edge_segment_compute': 0.016173199994227616, 'edge_exit_head_compute': 0.0011573000010685064, 'edge_exit_check': 0.0003797999997914303, 'e2c_transport': 0.0, 'cloud_queue': 0.0, 'cloud_segment_compute': 0.0, 'cloud_exit_head_compute': 0.0, 'cloud_exit_check': 0.0, 'total_latency': 0.14600828400580212, 'unattributed_overhead': 0.0026313519992982037, 'request_id': 'daddcb2903154102b45afde2ee568f56', 'user_id': 1, 'prediction': 2, 'exit_id': 'after_layer3', 'exit_boundary_id': 14, 'exit_location': 'edge', 'confidence': 0.9398300051689148, 'executed_segments_by_node': {'device': [], 'edge': [0, 1, 2, 3, 4, 5, 6, 7, 8, 9, 10, 11, 12, 13]}, 'nodes': [{'node': 'device', 'executed_segments': [], 'queue_s': 0.0, 'segment_compute_s': 0.0, 'exit_head_compute_s': 0.0, 'exit_check_s': 0.0, 'worker_elapsed_s': 0.00027525200857780874}, {'node': 'edge', 'executed_segments': [0, 1, 2, 3, 4, 5, 6, 7, 8, 9, 10, 11, 12, 13], 'queue_s': 0.0014951000011933502, 'segment_compute_s': 0.016173199994227616, 'exit_head_compute_s': 0.0011573000010685064, 'exit_check_s': 0.0003797999997914303, 'worker_elapsed_s': 0.01906080000117072}], 'sample_id': 'balanced_002_0005_00006819', 'label': 2, 'correct': True, 'observed_utility': 0.2699585799709894}",balanced_002_0005_00006819,25,6819,0.14600828400580212,0.0026313519992982037,1
0.00021797600493300706,0.025954100001399638,0.025954100001399638,0.11071513999559102,0.00021797600493300706,0.13976023999566678,0.025954100001399638,0.029045100000075763,0.0016961000001174398,0.14014269299514126,0.026008400000137044,0.0,0.0,0.0,0.0,0.8255372643470764,0.11071513999559102,0.00021797600493300706,unknown,0.0,0.0006088000045565423,0.0011354999987815972,0.0016961000001174398,0.022691400001349393,"{'device': [], 'edge': [0, 1, 2, 3, 4, 5, 6, 7, 8, 9, 10, 11, 12, 13, 14, 15, 16, 17, 18]}",19,final,edge,True,2,1.0,5.0,1.0,0.14014269299514126,0.2992865350242937,2,2ab07d938e7d4d99a317a095579a9500,"{'device_compute': 0.00021797600493300706, 'd2e_transport': 0.11071513999559102, 'edge_queue': 0.0016961000001174398, 'edge_segment_compute': 0.022691400001349393, 'edge_exit_head_compute': 0.0011354999987815972, 'edge_exit_check': 0.0006088000045565423, 'e2c_transport': 0.0, 'cloud_queue': 0.0, 'cloud_segment_compute': 0.0, 'cloud_exit_head_compute': 0.0, 'cloud_exit_check': 0.0, 'total_latency': 0.14014269299514126, 'unattributed_overhead': 0.0030777769898122642, 'request_id': '2ab07d938e7d4d99a317a095579a9500', 'user_id': 1, 'prediction': 2, 'exit_id': 'final', 'exit_boundary_id': 19, 'exit_location': 'edge', 'confidence': 0.8255372643470764, 'executed_segments_by_node': {'device': [], 'edge': [0, 1, 2, 3, 4, 5, 6, 7, 8, 9, 10, 11, 12, 13, 14, 15, 16, 17, 18]}, 'nodes': [{'node': 'device', 'executed_segments': [], 'queue_s': 0.0, 'segment_compute_s': 0.0, 'exit_head_compute_s': 0.0, 'exit_check_s': 0.0, 'worker_elapsed_s': 0.00021797600493300706}, {'node': 'edge', 'executed_segments': [0, 1, 2, 3, 4, 5, 6, 7, 8, 9, 10, 11, 12, 13, 14, 15, 16, 17, 18], 'queue_s': 0.0016961000001174398, 'segment_compute_s': 0.022691400001349393, 'exit_head_compute_s': 0.0011354999987815972, 'exit_check_s': 0.0006088000045565423, 'worker_elapsed_s': 0.026008400000137044}], 'sample_id': 'balanced_002_0006_00007562', 'label': 2, 'correct': True, 'observed_utility': 0.2992865350242937}",balanced_002_0006_00007562,26,7562,0.14014269299514126,0.0030777769898122642,1
0.00020975399820599705,0.014124400000582682,0.014124400000582682,0.10305019699808327,0.00020975399820599705,0.11957769699802157,0.014124400000582682,0.0165274999999383,0.001145000001997687,0.11990392999723554,0.014174500000081025,0.0,0.0,0.0,0.0,0.9485941529273987,0.10305019699808327,0.00020975399820599705,unknown,0.0,0.00027180000324733555,0.000996599999780301,0.001145000001997687,0.01191580000158865,"{'device': [], 'edge': [0, 1, 2, 3, 4, 5, 6, 7, 8, 9, 10, 11, 12, 13]}",14,after_layer3,edge,True,2,1.0,5.0,1.0,0.11990392999723554,0.4004803500138223,2,1be9ec4e6fca46848d5d2dc0b16103ce,"{'device_compute': 0.00020975399820599705, 'd2e_transport': 0.10305019699808327, 'edge_queue': 0.001145000001997687, 'edge_segment_compute': 0.01191580000158865, 'edge_exit_head_compute': 0.000996599999780301, 'edge_exit_check': 0.00027180000324733555, 'e2c_transport': 0.0, 'cloud_queue': 0.0, 'cloud_segment_compute': 0.0, 'cloud_exit_head_compute': 0.0, 'cloud_exit_check': 0.0, 'total_latency': 0.11990392999723554, 'unattributed_overhead': 0.0023147789943323005, 'request_id': '1be9ec4e6fca46848d5d2dc0b16103ce', 'user_id': 1, 'prediction': 2, 'exit_id': 'after_layer3', 'exit_boundary_id': 14, 'exit_location': 'edge', 'confidence': 0.9485941529273987, 'executed_segments_by_node': {'device': [], 'edge': [0, 1, 2, 3, 4, 5, 6, 7, 8, 9, 10, 11, 12, 13]}, 'nodes': [{'node': 'device', 'executed_segments': [], 'queue_s': 0.0, 'segment_compute_s': 0.0, 'exit_head_compute_s': 0.0, 'exit_check_s': 0.0, 'worker_elapsed_s': 0.00020975399820599705}, {'node': 'edge', 'executed_segments': [0, 1, 2, 3, 4, 5, 6, 7, 8, 9, 10, 11, 12, 13], 'queue_s': 0.001145000001997687, 'segment_compute_s': 0.01191580000158865, 'exit_head_compute_s': 0.000996599999780301, 'exit_check_s': 0.00027180000324733555, 'worker_elapsed_s': 0.014174500000081025}], 'sample_id': 'balanced_002_0007_00008730', 'label': 2, 'correct': True, 'observed_utility': 0.4004803500138223}",balanced_002_0007_00008730,27,8730,0.11990392999723554,0.0023147789943323005,1
0.00022708700271323323,0.015842099997826153,0.015842099997826153,0.10955535099492408,0.00022708700271323323,0.1278064509970136,0.015842099997826153,0.018251100002089515,0.0011617999989539385,0.12818799799424596,0.015896699998847907,0.0,0.0,0.0,0.0,0.9994165897369385,0.10955535099492408,0.00022708700271323323,unknown,0.0,0.0002692000016395468,0.0008588999953644816,0.0011617999989539385,0.013334900002519134,"{'device': [], 'edge': [0, 1, 2, 3, 4, 5, 6, 7, 8, 9, 10, 11, 12, 13, 14, 15, 16, 17, 18]}",19,final,edge,True,2,1.0,5.0,1.0,0.12818799799424596,0.3590600100287702,2,0153ddd0f6104a5586342af7158637cb,"{'device_compute': 0.00022708700271323323, 'd2e_transport': 0.10955535099492408, 'edge_queue': 0.0011617999989539385, 'edge_segment_compute': 0.013334900002519134, 'edge_exit_head_compute': 0.0008588999953644816, 'edge_exit_check': 0.0002692000016395468, 'e2c_transport': 0.0, 'cloud_queue': 0.0, 'cloud_segment_compute': 0.0, 'cloud_exit_head_compute': 0.0, 'cloud_exit_check': 0.0, 'total_latency': 0.12818799799424596, 'unattributed_overhead': 0.0027807599981315434, 'request_id': '0153ddd0f6104a5586342af7158637cb', 'user_id': 1, 'prediction': 2, 'exit_id': 'final', 'exit_boundary_id': 19, 'exit_location': 'edge', 'confidence': 0.9994165897369385, 'executed_segments_by_node': {'device': [], 'edge': [0, 1, 2, 3, 4, 5, 6, 7, 8, 9, 10, 11, 12, 13, 14, 15, 16, 17, 18]}, 'nodes': [{'node': 'device', 'executed_segments': [], 'queue_s': 0.0, 'segment_compute_s': 0.0, 'exit_head_compute_s': 0.0, 'exit_check_s': 0.0, 'worker_elapsed_s': 0.00022708700271323323}, {'node': 'edge', 'executed_segments': [0, 1, 2, 3, 4, 5, 6, 7, 8, 9, 10, 11, 12, 13, 14, 15, 16, 17, 18], 'queue_s': 0.0011617999989539385, 'segment_compute_s': 0.013334900002519134, 'exit_head_compute_s': 0.0008588999953644816, 'exit_check_s': 0.0002692000016395468, 'worker_elapsed_s': 0.015896699998847907}], 'sample_id': 'balanced_002_0008_00009082', 'label': 2, 'correct': True, 'observed_utility': 0.3590600100287702}",balanced_002_0008_00009082,28,9082,0.12818799799424596,0.0027807599981315434,1
0.00020990200573578477,0.010961500000121305,0.010961500000121305,0.10635190100219916,0.00020990200573578477,0.11975760100176558,0.010961500000121305,0.013405699999566423,0.0013704999983019661,0.12011611000343692,0.01101090000156546,0.0,0.0,0.0,0.0,0.9917235970497131,0.10635190100219916,0.00020990200573578477,unknown,0.0,0.0002066000015474856,0.0007382999974652193,0.0013704999983019661,0.009326100007456262,"{'device': [], 'edge': [0, 1, 2, 3, 4, 5, 6, 7, 8, 9, 10, 11, 12, 13]}",14,after_layer3,edge,True,2,1.0,5.0,1.0,0.12011611000343692,0.3994194499828154,2,145bc2af084242cabfbab2f908924b65,"{'device_compute': 0.00020990200573578477, 'd2e_transport': 0.10635190100219916, 'edge_queue': 0.0013704999983019661, 'edge_segment_compute': 0.009326100007456262, 'edge_exit_head_compute': 0.0007382999974652193, 'edge_exit_check': 0.0002066000015474856, 'e2c_transport': 0.0, 'cloud_queue': 0.0, 'cloud_segment_compute': 0.0, 'cloud_exit_head_compute': 0.0, 'cloud_exit_check': 0.0, 'total_latency': 0.12011611000343692, 'unattributed_overhead': 0.0019128069907310419, 'request_id': '145bc2af084242cabfbab2f908924b65', 'user_id': 1, 'prediction': 2, 'exit_id': 'after_layer3', 'exit_boundary_id': 14, 'exit_location': 'edge', 'confidence': 0.9917235970497131, 'executed_segments_by_node': {'device': [], 'edge': [0, 1, 2, 3, 4, 5, 6, 7, 8, 9, 10, 11, 12, 13]}, 'nodes': [{'node': 'device', 'executed_segments': [], 'queue_s': 0.0, 'segment_compute_s': 0.0, 'exit_head_compute_s': 0.0, 'exit_check_s': 0.0, 'worker_elapsed_s': 0.00020990200573578477}, {'node': 'edge', 'executed_segments': [0, 1, 2, 3, 4, 5, 6, 7, 8, 9, 10, 11, 12, 13], 'queue_s': 0.0013704999983019661, 'segment_compute_s': 0.009326100007456262, 'exit_head_compute_s': 0.0007382999974652193, 'exit_check_s': 0.0002066000015474856, 'worker_elapsed_s': 0.01101090000156546}], 'sample_id': 'balanced_002_0009_00009543', 'label': 2, 'correct': True, 'observed_utility': 0.3994194499828154}",balanced_002_0009_00009543,29,9543,0.12011611000343692,0.0019128069907310419,1
0.00045448800665326416,0.09682940000129747,0.09682940000129747,0.11015960599979735,0.00045448800665326416,0.20993680600076914,0.09682940000129747,0.09977720000097179,0.0014106999988143798,0.2105817709962139,0.09688240000104997,0.0,0.0,0.0,0.0,0.9992431402206421,0.11015960599979735,0.00045448800665326416,unknown,0.0,0.00044159999742987566,0.0024704999996174593,0.0014106999988143798,0.08701619999555987,"{'device': [], 'edge': [0, 1, 2, 3, 4, 5, 6, 7, 8, 9, 10, 11, 12, 13, 14, 15, 16, 17, 18]}",19,final,edge,True,3,1.0,5.0,1.0,0.2105817709962139,-0.05290885498106945,3,32997bbd0c8b4459a5df1eb3be9a01cc,"{'device_compute': 0.00045448800665326416, 'd2e_transport': 0.11015960599979735, 'edge_queue': 0.0014106999988143798, 'edge_segment_compute': 0.08701619999555987, 'edge_exit_head_compute': 0.0024704999996174593, 'edge_exit_check': 0.00044159999742987566, 'e2c_transport': 0.0, 'cloud_queue': 0.0, 'cloud_segment_compute': 0.0, 'cloud_exit_head_compute': 0.0, 'cloud_exit_check': 0.0, 'total_latency': 0.2105817709962139, 'unattributed_overhead': 0.008628676998341689, 'request_id': '32997bbd0c8b4459a5df1eb3be9a01cc', 'user_id': 1, 'prediction': 3, 'exit_id': 'final', 'exit_boundary_id': 19, 'exit_location': 'edge', 'confidence': 0.9992431402206421, 'executed_segments_by_node': {'device': [], 'edge': [0, 1, 2, 3, 4, 5, 6, 7, 8, 9, 10, 11, 12, 13, 14, 15, 16, 17, 18]}, 'nodes': [{'node': 'device', 'executed_segments': [], 'queue_s': 0.0, 'segment_compute_s': 0.0, 'exit_head_compute_s': 0.0, 'exit_check_s': 0.0, 'worker_elapsed_s': 0.00045448800665326416}, {'node': 'edge', 'executed_segments': [0, 1, 2, 3, 4, 5, 6, 7, 8, 9, 10, 11, 12, 13, 14, 15, 16, 17, 18], 'queue_s': 0.0014106999988143798, 'segment_compute_s': 0.08701619999555987, 'exit_head_compute_s': 0.0024704999996174593, 'exit_check_s': 0.00044159999742987566, 'worker_elapsed_s': 0.09688240000104997}], 'sample_id': 'balanced_003_0000_00001173', 'label': 3, 'correct': True, 'observed_utility': -0.05290885498106945}",balanced_003_0000_00001173,30,1173,0.2105817709962139,0.008628676998341689,1
0.0002156990085495636,0.06550400000196532,0.06550400000196532,0.09743261200856068,0.0002156990085495636,0.16618401200685184,0.06550400000196532,0.06875139999829116,0.0016727000001992565,0.16651744800037704,0.06556100000307197,0.0,0.0,0.0,0.0,0.9963098168373108,0.09743261200856068,0.0002156990085495636,unknown,0.0,0.000520200002938509,0.0012513999972725287,0.0016727000001992565,0.05992560000231606,"{'device': [], 'edge': [0, 1, 2, 3, 4, 5, 6, 7, 8, 9, 10, 11, 12, 13, 14, 15, 16, 17, 18]}",19,final,edge,True,3,1.0,5.0,1.0,0.16651744800037704,0.16741275999811478,3,1c536298ccde4ec684fed7284985cabe,"{'device_compute': 0.0002156990085495636, 'd2e_transport': 0.09743261200856068, 'edge_queue': 0.0016727000001992565, 'edge_segment_compute': 0.05992560000231606, 'edge_exit_head_compute': 0.0012513999972725287, 'edge_exit_check': 0.000520200002938509, 'e2c_transport': 0.0, 'cloud_queue': 0.0, 'cloud_segment_compute': 0.0, 'cloud_exit_head_compute': 0.0, 'cloud_exit_check': 0.0, 'total_latency': 0.16651744800037704, 'unattributed_overhead': 0.005499236980540445, 'request_id': '1c536298ccde4ec684fed7284985cabe', 'user_id': 1, 'prediction': 3, 'exit_id': 'final', 'exit_boundary_id': 19, 'exit_location': 'edge', 'confidence': 0.9963098168373108, 'executed_segments_by_node': {'device': [], 'edge': [0, 1, 2, 3, 4, 5, 6, 7, 8, 9, 10, 11, 12, 13, 14, 15, 16, 17, 18]}, 'nodes': [{'node': 'device', 'executed_segments': [], 'queue_s': 0.0, 'segment_compute_s': 0.0, 'exit_head_compute_s': 0.0, 'exit_check_s': 0.0, 'worker_elapsed_s': 0.0002156990085495636}, {'node': 'edge', 'executed_segments': [0, 1, 2, 3, 4, 5, 6, 7, 8, 9, 10, 11, 12, 13, 14, 15, 16, 17, 18], 'queue_s': 0.0016727000001992565, 'segment_compute_s': 0.05992560000231606, 'exit_head_compute_s': 0.0012513999972725287, 'exit_check_s': 0.000520200002938509, 'worker_elapsed_s': 0.06556100000307197}], 'sample_id': 'balanced_003_0001_00001883', 'label': 3, 'correct': True, 'observed_utility': 0.16741275999811478}",balanced_003_0001_00001883,31,1883,0.16651744800037704,0.005499236980540445,1
0.0002344759996049106,0.06593269999939366,0.06593269999939366,0.10979366999890772,0.0002344759996049106,0.17889116999867838,0.06593269999939366,0.06909749999977066,0.0015411999993375503,0.17925364199618343,0.06602279999788152,0.0,0.0,0.0,0.0,0.9999352693557739,0.10979366999890772,0.0002344759996049106,unknown,0.0,0.000343700001394609,0.0019601000058173668,0.0015411999993375503,0.06032750000304077,"{'device': [], 'edge': [0, 1, 2, 3, 4, 5, 6, 7, 8, 9, 10, 11, 12, 13, 14, 15, 16, 17, 18]}",19,final,edge,True,3,1.0,5.0,1.0,0.17925364199618343,0.10373179001908284,3,3fa7237dd500421e9f66ad040fada02e,"{'device_compute': 0.0002344759996049106, 'd2e_transport': 0.10979366999890772, 'edge_queue': 0.0015411999993375503, 'edge_segment_compute': 0.06032750000304077, 'edge_exit_head_compute': 0.0019601000058173668, 'edge_exit_check': 0.000343700001394609, 'e2c_transport': 0.0, 'cloud_queue': 0.0, 'cloud_segment_compute': 0.0, 'cloud_exit_head_compute': 0.0, 'cloud_exit_check': 0.0, 'total_latency': 0.17925364199618343, 'unattributed_overhead': 0.005052995988080511, 'request_id': '3fa7237dd500421e9f66ad040fada02e', 'user_id': 1, 'prediction': 3, 'exit_id': 'final', 'exit_boundary_id': 19, 'exit_location': 'edge', 'confidence': 0.9999352693557739, 'executed_segments_by_node': {'device': [], 'edge': [0, 1, 2, 3, 4, 5, 6, 7, 8, 9, 10, 11, 12, 13, 14, 15, 16, 17, 18]}, 'nodes': [{'node': 'device', 'executed_segments': [], 'queue_s': 0.0, 'segment_compute_s': 0.0, 'exit_head_compute_s': 0.0, 'exit_check_s': 0.0, 'worker_elapsed_s': 0.0002344759996049106}, {'node': 'edge', 'executed_segments': [0, 1, 2, 3, 4, 5, 6, 7, 8, 9, 10, 11, 12, 13, 14, 15, 16, 17, 18], 'queue_s': 0.0015411999993375503, 'segment_compute_s': 0.06032750000304077, 'exit_head_compute_s': 0.0019601000058173668, 'exit_check_s': 0.000343700001394609, 'worker_elapsed_s': 0.06602279999788152}], 'sample_id': 'balanced_003_0002_00001964', 'label': 3, 'correct': True, 'observed_utility': 0.10373179001908284}",balanced_003_0002_00001964,32,1964,0.17925364199618343,0.005052995988080511,1
0.00019795799744315445,0.04220830000122078,0.04220830000122078,0.10126758099795552,0.00019795799744315445,0.14641618099994957,0.04220830000122078,0.045148600001994055,0.001612399999430636,0.14672622999933083,0.04226410000046599,0.0,0.0,0.0,0.0,0.8701551556587219,0.10126758099795552,0.00019795799744315445,unknown,0.0,0.00037150000207475387,0.0018817999989551026,0.001612399999430636,0.03700310000203899,"{'device': [], 'edge': [0, 1, 2, 3, 4, 5, 6, 7, 8, 9, 10, 11, 12, 13]}",14,after_layer3,edge,True,3,1.0,5.0,1.0,0.14672622999933083,0.26636885000334587,3,bc8ccff297c44de480c9764b474cfaa0,"{'device_compute': 0.00019795799744315445, 'd2e_transport': 0.10126758099795552, 'edge_queue': 0.001612399999430636, 'edge_segment_compute': 0.03700310000203899, 'edge_exit_head_compute': 0.0018817999989551026, 'edge_exit_check': 0.00037150000207475387, 'e2c_transport': 0.0, 'cloud_queue': 0.0, 'cloud_segment_compute': 0.0, 'cloud_exit_head_compute': 0.0, 'cloud_exit_check': 0.0, 'total_latency': 0.14672622999933083, 'unattributed_overhead': 0.004391891001432668, 'request_id': 'bc8ccff297c44de480c9764b474cfaa0', 'user_id': 1, 'prediction': 3, 'exit_id': 'after_layer3', 'exit_boundary_id': 14, 'exit_location': 'edge', 'confidence': 0.8701551556587219, 'executed_segments_by_node': {'device': [], 'edge': [0, 1, 2, 3, 4, 5, 6, 7, 8, 9, 10, 11, 12, 13]}, 'nodes': [{'node': 'device', 'executed_segments': [], 'queue_s': 0.0, 'segment_compute_s': 0.0, 'exit_head_compute_s': 0.0, 'exit_check_s': 0.0, 'worker_elapsed_s': 0.00019795799744315445}, {'node': 'edge', 'executed_segments': [0, 1, 2, 3, 4, 5, 6, 7, 8, 9, 10, 11, 12, 13], 'queue_s': 0.001612399999430636, 'segment_compute_s': 0.03700310000203899, 'exit_head_compute_s': 0.0018817999989551026, 'exit_check_s': 0.00037150000207475387, 'worker_elapsed_s': 0.04226410000046599}], 'sample_id': 'balanced_003_0003_00002230', 'label': 3, 'correct': True, 'observed_utility': 0.26636885000334587}",balanced_003_0003_00002230,33,2230,0.14672622999933083,0.004391891001432668,1
0.0002009210002142936,0.04564089999985299,0.04564089999985299,0.09871473499151762,0.0002009210002142936,0.1476853349886369,0.04564089999985299,0.04897059999711928,0.0016460999977425672,0.14799756700813305,0.04571580000265385,0.0,0.0,0.0,0.0,0.9080988168716431,0.09871473499151762,0.0002009210002142936,unknown,0.0,0.00039939999987836927,0.0016456000012112781,0.0016460999977425672,0.04096949999438948,"{'device': [], 'edge': [0, 1, 2, 3, 4, 5, 6, 7, 8, 9, 10, 11, 12, 13]}",14,after_layer3,edge,True,3,1.0,5.0,1.0,0.14799756700813305,0.26001216495933477,3,e13f70809b394ae3b8f0d5576dd802a6,"{'device_compute': 0.0002009210002142936, 'd2e_transport': 0.09871473499151762, 'edge_queue': 0.0016460999977425672, 'edge_segment_compute': 0.04096949999438948, 'edge_exit_head_compute': 0.0016456000012112781, 'edge_exit_check': 0.00039939999987836927, 'e2c_transport': 0.0, 'cloud_queue': 0.0, 'cloud_segment_compute': 0.0, 'cloud_exit_head_compute': 0.0, 'cloud_exit_check': 0.0, 'total_latency': 0.14799756700813305, 'unattributed_overhead': 0.004421311023179442, 'request_id': 'e13f70809b394ae3b8f0d5576dd802a6', 'user_id': 1, 'prediction': 3, 'exit_id': 'after_layer3', 'exit_boundary_id': 14, 'exit_location': 'edge', 'confidence': 0.9080988168716431, 'executed_segments_by_node': {'device': [], 'edge': [0, 1, 2, 3, 4, 5, 6, 7, 8, 9, 10, 11, 12, 13]}, 'nodes': [{'node': 'device', 'executed_segments': [], 'queue_s': 0.0, 'segment_compute_s': 0.0, 'exit_head_compute_s': 0.0, 'exit_check_s': 0.0, 'worker_elapsed_s': 0.0002009210002142936}, {'node': 'edge', 'executed_segments': [0, 1, 2, 3, 4, 5, 6, 7, 8, 9, 10, 11, 12, 13], 'queue_s': 0.0016460999977425672, 'segment_compute_s': 0.04096949999438948, 'exit_head_compute_s': 0.0016456000012112781, 'exit_check_s': 0.00039939999987836927, 'worker_elapsed_s': 0.04571580000265385}], 'sample_id': 'balanced_003_0004_00005100', 'label': 3, 'correct': True, 'observed_utility': 0.26001216495933477}",balanced_003_0004_00005100,34,5100,0.14799756700813305,0.004421311023179442,1
0.00020590198982972652,0.0692611999984365,0.0692611999984365,0.10872482499325997,0.00020590198982972652,0.1808388249919517,0.0692611999984365,0.07211399999869172,0.0017822999980126042,0.18116288998862728,0.06933510000089882,0.0,0.0,0.0,0.0,0.7301908135414124,0.10872482499325997,0.00020590198982972652,unknown,0.0,0.00042069999835803173,0.002030799998465227,0.0017822999980126042,0.06325049999577459,"{'device': [], 'edge': [0, 1, 2, 3, 4, 5, 6, 7, 8, 9, 10, 11, 12, 13, 14, 15, 16, 17, 18]}",19,final,edge,False,3,1.0,5.0,0.0,0.18116288998862728,-0.9058144499431364,5,64bfcd6f9f1a48bdbcbc71cab13aef96,"{'device_compute': 0.00020590198982972652, 'd2e_transport': 0.10872482499325997, 'edge_queue': 0.0017822999980126042, 'edge_segment_compute': 0.06325049999577459, 'edge_exit_head_compute': 0.002030799998465227, 'edge_exit_check': 0.00042069999835803173, 'e2c_transport': 0.0, 'cloud_queue': 0.0, 'cloud_segment_compute': 0.0, 'cloud_exit_head_compute': 0.0, 'cloud_exit_check': 0.0, 'total_latency': 0.18116288998862728, 'unattributed_overhead': 0.004747863014927134, 'request_id': '64bfcd6f9f1a48bdbcbc71cab13aef96', 'user_id': 1, 'prediction': 5, 'exit_id': 'final', 'exit_boundary_id': 19, 'exit_location': 'edge', 'confidence': 0.7301908135414124, 'executed_segments_by_node': {'device': [], 'edge': [0, 1, 2, 3, 4, 5, 6, 7, 8, 9, 10, 11, 12, 13, 14, 15, 16, 17, 18]}, 'nodes': [{'node': 'device', 'executed_segments': [], 'queue_s': 0.0, 'segment_compute_s': 0.0, 'exit_head_compute_s': 0.0, 'exit_check_s': 0.0, 'worker_elapsed_s': 0.00020590198982972652}, {'node': 'edge', 'executed_segments': [0, 1, 2, 3, 4, 5, 6, 7, 8, 9, 10, 11, 12, 13, 14, 15, 16, 17, 18], 'queue_s': 0.0017822999980126042, 'segment_compute_s': 0.06325049999577459, 'exit_head_compute_s': 0.002030799998465227, 'exit_check_s': 0.00042069999835803173, 'worker_elapsed_s': 0.06933510000089882}], 'sample_id': 'balanced_003_0005_00006021', 'label': 3, 'correct': False, 'observed_utility': -0.9058144499431364}",balanced_003_0005_00006021,35,6021,0.18116288998862728,0.004747863014927134,1
0.00021199499315116554,0.04579069999817875,0.04579069999817875,0.09847824099779245,0.00021199499315116554,0.14758204099780414,0.04579069999817875,0.04910380000001169,0.0017274000019824598,0.14790810699923895,0.04583979999733856,0.0,0.0,0.0,0.0,0.9288637042045593,0.09847824099779245,0.00021199499315116554,unknown,0.0,0.000396399998862762,0.003229599999031052,0.0017274000019824598,0.038582000001042616,"{'device': [], 'edge': [0, 1, 2, 3, 4, 5, 6, 7, 8, 9, 10, 11, 12, 13]}",14,after_layer3,edge,True,3,1.0,5.0,1.0,0.14790810699923895,0.26045946500380524,3,da6b664157f84995b481e0e2922c5372,"{'device_compute': 0.00021199499315116554, 'd2e_transport': 0.09847824099779245, 'edge_queue': 0.0017274000019824598, 'edge_segment_compute': 0.038582000001042616, 'edge_exit_head_compute': 0.003229599999031052, 'edge_exit_check': 0.000396399998862762, 'e2c_transport': 0.0, 'cloud_queue': 0.0, 'cloud_segment_compute': 0.0, 'cloud_exit_head_compute': 0.0, 'cloud_exit_check': 0.0, 'total_latency': 0.14790810699923895, 'unattributed_overhead': 0.005282471007376444, 'request_id': 'da6b664157f84995b481e0e2922c5372', 'user_id': 1, 'prediction': 3, 'exit_id': 'after_layer3', 'exit_boundary_id': 14, 'exit_location': 'edge', 'confidence': 0.9288637042045593, 'executed_segments_by_node': {'device': [], 'edge': [0, 1, 2, 3, 4, 5, 6, 7, 8, 9, 10, 11, 12, 13]}, 'nodes': [{'node': 'device', 'executed_segments': [], 'queue_s': 0.0, 'segment_compute_s': 0.0, 'exit_head_compute_s': 0.0, 'exit_check_s': 0.0, 'worker_elapsed_s': 0.00021199499315116554}, {'node': 'edge', 'executed_segments': [0, 1, 2, 3, 4, 5, 6, 7, 8, 9, 10, 11, 12, 13], 'queue_s': 0.0017274000019824598, 'segment_compute_s': 0.038582000001042616, 'exit_head_compute_s': 0.003229599999031052, 'exit_check_s': 0.000396399998862762, 'worker_elapsed_s': 0.04583979999733856}], 'sample_id': 'balanced_003_0006_00008012', 'label': 3, 'correct': True, 'observed_utility': 0.26045946500380524}",balanced_003_0006_00008012,36,8012,0.14790810699923895,0.005282471007376444,1
0.0002110679924953729,0.06979929999943124,0.06979929999943124,0.10772023600293323,0.0002110679924953729,0.18040633600321598,0.06979929999943124,0.07268610000028275,0.001480999999330379,0.18073323399585206,0.06986970000070869,0.0,0.0,0.0,0.0,0.9999996423721313,0.10772023600293323,0.0002110679924953729,unknown,0.0,0.0002578999956313055,0.0013311999973666389,0.001480999999330379,0.0651946000107273,"{'device': [], 'edge': [0, 1, 2, 3, 4, 5, 6, 7, 8, 9, 10, 11, 12, 13, 14, 15, 16, 17, 18]}",19,final,edge,True,3,1.0,5.0,1.0,0.18073323399585206,0.0963338300207397,3,7efc2da841ad4958ba92f9b44f0518b1,"{'device_compute': 0.0002110679924953729, 'd2e_transport': 0.10772023600293323, 'edge_queue': 0.001480999999330379, 'edge_segment_compute': 0.0651946000107273, 'edge_exit_head_compute': 0.0013311999973666389, 'edge_exit_check': 0.0002578999956313055, 'e2c_transport': 0.0, 'cloud_queue': 0.0, 'cloud_segment_compute': 0.0, 'cloud_exit_head_compute': 0.0, 'cloud_exit_check': 0.0, 'total_latency': 0.18073323399585206, 'unattributed_overhead': 0.004537229997367831, 'request_id': '7efc2da841ad4958ba92f9b44f0518b1', 'user_id': 1, 'prediction': 3, 'exit_id': 'final', 'exit_boundary_id': 19, 'exit_location': 'edge', 'confidence': 0.9999996423721313, 'executed_segments_by_node': {'device': [], 'edge': [0, 1, 2, 3, 4, 5, 6, 7, 8, 9, 10, 11, 12, 13, 14, 15, 16, 17, 18]}, 'nodes': [{'node': 'device', 'executed_segments': [], 'queue_s': 0.0, 'segment_compute_s': 0.0, 'exit_head_compute_s': 0.0, 'exit_check_s': 0.0, 'worker_elapsed_s': 0.0002110679924953729}, {'node': 'edge', 'executed_segments': [0, 1, 2, 3, 4, 5, 6, 7, 8, 9, 10, 11, 12, 13, 14, 15, 16, 17, 18], 'queue_s': 0.001480999999330379, 'segment_compute_s': 0.0651946000107273, 'exit_head_compute_s': 0.0013311999973666389, 'exit_check_s': 0.0002578999956313055, 'worker_elapsed_s': 0.06986970000070869}], 'sample_id': 'balanced_003_0007_00008336', 'label': 3, 'correct': True, 'observed_utility': 0.0963338300207397}",balanced_003_0007_00008336,37,8336,0.18073323399585206,0.004537229997367831,1
0.00020991999190300703,0.04967490000126418,0.04967490000126418,0.11454693500854773,0.00020991999190300703,0.16660933500679675,0.04967490000126418,0.05206239999824902,0.0011369999992894009,0.166983472998254,0.04972819999966305,0.0,0.0,0.0,0.0,0.9060484766960144,0.11454693500854773,0.00020991999190300703,unknown,0.0,0.0002117000003636349,0.002754799999820534,0.0011369999992894009,0.0429309999999532,"{'device': [], 'edge': [0, 1, 2, 3, 4, 5, 6, 7, 8, 9, 10, 11, 12, 13]}",14,after_layer3,edge,True,3,1.0,5.0,1.0,0.166983472998254,0.16508263500873,3,921fee61cd8b4c00967591056bdd542b,"{'device_compute': 0.00020991999190300703, 'd2e_transport': 0.11454693500854773, 'edge_queue': 0.0011369999992894009, 'edge_segment_compute': 0.0429309999999532, 'edge_exit_head_compute': 0.002754799999820534, 'edge_exit_check': 0.0002117000003636349, 'e2c_transport': 0.0, 'cloud_queue': 0.0, 'cloud_segment_compute': 0.0, 'cloud_exit_head_compute': 0.0, 'cloud_exit_check': 0.0, 'total_latency': 0.166983472998254, 'unattributed_overhead': 0.005192117998376489, 'request_id': '921fee61cd8b4c00967591056bdd542b', 'user_id': 1, 'prediction': 3, 'exit_id': 'after_layer3', 'exit_boundary_id': 14, 'exit_location': 'edge', 'confidence': 0.9060484766960144, 'executed_segments_by_node': {'device': [], 'edge': [0, 1, 2, 3, 4, 5, 6, 7, 8, 9, 10, 11, 12, 13]}, 'nodes': [{'node': 'device', 'executed_segments': [], 'queue_s': 0.0, 'segment_compute_s': 0.0, 'exit_head_compute_s': 0.0, 'exit_check_s': 0.0, 'worker_elapsed_s': 0.00020991999190300703}, {'node': 'edge', 'executed_segments': [0, 1, 2, 3, 4, 5, 6, 7, 8, 9, 10, 11, 12, 13], 'queue_s': 0.0011369999992894009, 'segment_compute_s': 0.0429309999999532, 'exit_head_compute_s': 0.002754799999820534, 'exit_check_s': 0.0002117000003636349, 'worker_elapsed_s': 0.04972819999966305}], 'sample_id': 'balanced_003_0008_00008343', 'label': 3, 'correct': True, 'observed_utility': 0.16508263500873}",balanced_003_0008_00008343,38,8343,0.166983472998254,0.005192117998376489,1
0.00021706799452658743,0.06151730000055977,0.06151730000055977,0.09687031900466536,0.00021706799452658743,0.16210731900355313,0.06151730000055977,0.06523699999888777,0.002215000000433065,0.16247899500012863,0.06159099999786122,0.0,0.0,0.0,0.0,0.9998340606689453,0.09687031900466536,0.00021706799452658743,unknown,0.0,0.0002952999966510106,0.0019730999956664164,0.002215000000433065,0.055859400003100745,"{'device': [], 'edge': [0, 1, 2, 3, 4, 5, 6, 7, 8, 9, 10, 11, 12, 13, 14, 15, 16, 17, 18]}",19,final,edge,True,3,1.0,5.0,1.0,0.16247899500012863,0.18760502499935683,3,297ab405ce83486bb0ca914b9d477088,"{'device_compute': 0.00021706799452658743, 'd2e_transport': 0.09687031900466536, 'edge_queue': 0.002215000000433065, 'edge_segment_compute': 0.055859400003100745, 'edge_exit_head_compute': 0.0019730999956664164, 'edge_exit_check': 0.0002952999966510106, 'e2c_transport': 0.0, 'cloud_queue': 0.0, 'cloud_segment_compute': 0.0, 'cloud_exit_head_compute': 0.0, 'cloud_exit_check': 0.0, 'total_latency': 0.16247899500012863, 'unattributed_overhead': 0.005048808005085448, 'request_id': '297ab405ce83486bb0ca914b9d477088', 'user_id': 1, 'prediction': 3, 'exit_id': 'final', 'exit_boundary_id': 19, 'exit_location': 'edge', 'confidence': 0.9998340606689453, 'executed_segments_by_node': {'device': [], 'edge': [0, 1, 2, 3, 4, 5, 6, 7, 8, 9, 10, 11, 12, 13, 14, 15, 16, 17, 18]}, 'nodes': [{'node': 'device', 'executed_segments': [], 'queue_s': 0.0, 'segment_compute_s': 0.0, 'exit_head_compute_s': 0.0, 'exit_check_s': 0.0, 'worker_elapsed_s': 0.00021706799452658743}, {'node': 'edge', 'executed_segments': [0, 1, 2, 3, 4, 5, 6, 7, 8, 9, 10, 11, 12, 13, 14, 15, 16, 17, 18], 'queue_s': 0.002215000000433065, 'segment_compute_s': 0.055859400003100745, 'exit_head_compute_s': 0.0019730999956664164, 'exit_check_s': 0.0002952999966510106, 'worker_elapsed_s': 0.06159099999786122}], 'sample_id': 'balanced_003_0009_00008557', 'label': 3, 'correct': True, 'observed_utility': 0.18760502499935683}",balanced_003_0009_00008557,39,8557,0.16247899500012863,0.005048808005085448,1
8.655399142298847e-05,0.03846039999916684,0.03846039999916684,0.10187867699642084,8.655399142298847e-05,0.14355697699647862,0.03846039999916684,0.04167830000005779,0.001493200001277728,0.14370054699247703,0.03853030000027502,0.0,0.0,0.0,0.0,0.9763646721839905,0.10187867699642084,8.655399142298847e-05,unknown,0.0,0.0003068000041821506,0.0010560999980953056,0.001493200001277728,0.03415099999619997,"{'device': [], 'edge': [0, 1, 2, 3, 4, 5, 6, 7, 8, 9, 10, 11, 12, 13]}",14,after_layer3,edge,True,4,1.0,5.0,1.0,0.14370054699247703,0.28149726503761485,4,c7920a6d4eb246f68e7ff607d2e79be1,"{'device_compute': 8.655399142298847e-05, 'd2e_transport': 0.10187867699642084, 'edge_queue': 0.001493200001277728, 'edge_segment_compute': 0.03415099999619997, 'edge_exit_head_compute': 0.0010560999980953056, 'edge_exit_check': 0.0003068000041821506, 'e2c_transport': 0.0, 'cloud_queue': 0.0, 'cloud_segment_compute': 0.0, 'cloud_exit_head_compute': 0.0, 'cloud_exit_check': 0.0, 'total_latency': 0.14370054699247703, 'unattributed_overhead': 0.00472821600487805, 'request_id': 'c7920a6d4eb246f68e7ff607d2e79be1', 'user_id': 1, 'prediction': 4, 'exit_id': 'after_layer3', 'exit_boundary_id': 14, 'exit_location': 'edge', 'confidence': 0.9763646721839905, 'executed_segments_by_node': {'device': [], 'edge': [0, 1, 2, 3, 4, 5, 6, 7, 8, 9, 10, 11, 12, 13]}, 'nodes': [{'node': 'device', 'executed_segments': [], 'queue_s': 0.0, 'segment_compute_s': 0.0, 'exit_head_compute_s': 0.0, 'exit_check_s': 0.0, 'worker_elapsed_s': 8.655399142298847e-05}, {'node': 'edge', 'executed_segments': [0, 1, 2, 3, 4, 5, 6, 7, 8, 9, 10, 11, 12, 13], 'queue_s': 0.001493200001277728, 'segment_compute_s': 0.03415099999619997, 'exit_head_compute_s': 0.0010560999980953056, 'exit_check_s': 0.0003068000041821506, 'worker_elapsed_s': 0.03853030000027502}], 'sample_id': 'balanced_004_0000_00000930', 'label': 4, 'correct': True, 'observed_utility': 0.28149726503761485}",balanced_004_0000_00000930,40,930,0.14370054699247703,0.00472821600487805,1
0.00020655000116676092,0.057272599999123486,0.057272599999123486,0.13605122399894753,0.00020655000116676092,0.1957047239993699,0.057272599999123486,0.059653500000422355,0.0012043000024277717,0.1960584740008926,0.05732919999718433,0.0,0.0,0.0,0.0,0.919657289981842,0.13605122399894753,0.00020655000116676092,unknown,0.0,0.00028110000130254775,0.0010082999979204033,0.0012043000024277717,0.05245989999821177,"{'device': [], 'edge': [0, 1, 2, 3, 4, 5, 6, 7, 8, 9, 10, 11, 12, 13, 14, 15, 16, 17, 18]}",19,final,edge,True,4,1.0,5.0,1.0,0.1960584740008926,0.01970762999553699,4,88fddeecfe814654a64c8b4d1899084e,"{'device_compute': 0.00020655000116676092, 'd2e_transport': 0.13605122399894753, 'edge_queue': 0.0012043000024277717, 'edge_segment_compute': 0.05245989999821177, 'edge_exit_head_compute': 0.0010082999979204033, 'edge_exit_check': 0.00028110000130254775, 'e2c_transport': 0.0, 'cloud_queue': 0.0, 'cloud_segment_compute': 0.0, 'cloud_exit_head_compute': 0.0, 'cloud_exit_check': 0.0, 'total_latency': 0.1960584740008926, 'unattributed_overhead': 0.004847100000915816, 'request_id': '88fddeecfe814654a64c8b4d1899084e', 'user_id': 1, 'prediction': 4, 'exit_id': 'final', 'exit_boundary_id': 19, 'exit_location': 'edge', 'confidence': 0.919657289981842, 'executed_segments_by_node': {'device': [], 'edge': [0, 1, 2, 3, 4, 5, 6, 7, 8, 9, 10, 11, 12, 13, 14, 15, 16, 17, 18]}, 'nodes': [{'node': 'device', 'executed_segments': [], 'queue_s': 0.0, 'segment_compute_s': 0.0, 'exit_head_compute_s': 0.0, 'exit_check_s': 0.0, 'worker_elapsed_s': 0.00020655000116676092}, {'node': 'edge', 'executed_segments': [0, 1, 2, 3, 4, 5, 6, 7, 8, 9, 10, 11, 12, 13, 14, 15, 16, 17, 18], 'queue_s': 0.0012043000024277717, 'segment_compute_s': 0.05245989999821177, 'exit_head_compute_s': 0.0010082999979204033, 'exit_check_s': 0.00028110000130254775, 'worker_elapsed_s': 0.05732919999718433}], 'sample_id': 'balanced_004_0001_00001529', 'label': 4, 'correct': True, 'observed_utility': 0.01970762999553699}",balanced_004_0001_00001529,41,1529,0.1960584740008926,0.004847100000915816,1
0.00021569800446741283,0.05710370000088005,0.05710370000088005,0.11111160000655218,0.00021569800446741283,0.1708608000044478,0.05710370000088005,0.05974919999789563,0.001355399999738438,0.17119173699757084,0.0571840999982669,0.0,0.0,0.0,0.0,0.6547836661338806,0.11111160000655218,0.00021569800446741283,unknown,0.0,0.00028929999825777486,0.0016594999979133718,0.001355399999738438,0.05139360000976012,"{'device': [], 'edge': [0, 1, 2, 3, 4, 5, 6, 7, 8, 9, 10, 11, 12, 13, 14, 15, 16, 17, 18]}",19,final,edge,True,4,1.0,5.0,1.0,0.17119173699757084,0.1440413150121458,4,5ae9ea8502554273b9feb10179108352,"{'device_compute': 0.00021569800446741283, 'd2e_transport': 0.11111160000655218, 'edge_queue': 0.001355399999738438, 'edge_segment_compute': 0.05139360000976012, 'edge_exit_head_compute': 0.0016594999979133718, 'edge_exit_check': 0.00028929999825777486, 'e2c_transport': 0.0, 'cloud_queue': 0.0, 'cloud_segment_compute': 0.0, 'cloud_exit_head_compute': 0.0, 'cloud_exit_check': 0.0, 'total_latency': 0.17119173699757084, 'unattributed_overhead': 0.005166638980881544, 'request_id': '5ae9ea8502554273b9feb10179108352', 'user_id': 1, 'prediction': 4, 'exit_id': 'final', 'exit_boundary_id': 19, 'exit_location': 'edge', 'confidence': 0.6547836661338806, 'executed_segments_by_node': {'device': [], 'edge': [0, 1, 2, 3, 4, 5, 6, 7, 8, 9, 10, 11, 12, 13, 14, 15, 16, 17, 18]}, 'nodes': [{'node': 'device', 'executed_segments': [], 'queue_s': 0.0, 'segment_compute_s': 0.0, 'exit_head_compute_s': 0.0, 'exit_check_s': 0.0, 'worker_elapsed_s': 0.00021569800446741283}, {'node': 'edge', 'executed_segments': [0, 1, 2, 3, 4, 5, 6, 7, 8, 9, 10, 11, 12, 13, 14, 15, 16, 17, 18], 'queue_s': 0.001355399999738438, 'segment_compute_s': 0.05139360000976012, 'exit_head_compute_s': 0.0016594999979133718, 'exit_check_s': 0.00028929999825777486, 'worker_elapsed_s': 0.0571840999982669}], 'sample_id': 'balanced_004_0002_00002981', 'label': 4, 'correct': True, 'observed_utility': 0.1440413150121458}",balanced_004_0002_00002981,42,2981,0.17119173699757084,0.005166638980881544,1
0.00027508499624673277,0.06782059999750345,0.06782059999750345,0.12225838100130204,0.00027508499624673277,0.19303918100195006,0.06782059999750345,0.07078080000064801,0.0012188000000605825,0.19347204000223428,0.06787199999962468,0.0,0.0,0.0,0.0,0.9997285008430481,0.12225838100130204,0.00027508499624673277,unknown,0.0,0.00026959999377140775,0.002404500002739951,0.0012188000000605825,0.06132129999969038,"{'device': [], 'edge': [0, 1, 2, 3, 4, 5, 6, 7, 8, 9, 10, 11, 12, 13, 14, 15, 16, 17, 18]}",19,final,edge,True,4,1.0,5.0,1.0,0.19347204000223428,0.0326397999888286,4,9e16227bdeef47b580bb89644cd22910,"{'device_compute': 0.00027508499624673277, 'd2e_transport': 0.12225838100130204, 'edge_queue': 0.0012188000000605825, 'edge_segment_compute': 0.06132129999969038, 'edge_exit_head_compute': 0.002404500002739951, 'edge_exit_check': 0.00026959999377140775, 'e2c_transport': 0.0, 'cloud_queue': 0.0, 'cloud_segment_compute': 0.0, 'cloud_exit_head_compute': 0.0, 'cloud_exit_check': 0.0, 'total_latency': 0.19347204000223428, 'unattributed_overhead': 0.005724374008423183, 'request_id': '9e16227bdeef47b580bb89644cd22910', 'user_id': 1, 'prediction': 4, 'exit_id': 'final', 'exit_boundary_id': 19, 'exit_location': 'edge', 'confidence': 0.9997285008430481, 'executed_segments_by_node': {'device': [], 'edge': [0, 1, 2, 3, 4, 5, 6, 7, 8, 9, 10, 11, 12, 13, 14, 15, 16, 17, 18]}, 'nodes': [{'node': 'device', 'executed_segments': [], 'queue_s': 0.0, 'segment_compute_s': 0.0, 'exit_head_compute_s': 0.0, 'exit_check_s': 0.0, 'worker_elapsed_s': 0.00027508499624673277}, {'node': 'edge', 'executed_segments': [0, 1, 2, 3, 4, 5, 6, 7, 8, 9, 10, 11, 12, 13, 14, 15, 16, 17, 18], 'queue_s': 0.0012188000000605825, 'segment_compute_s': 0.06132129999969038, 'exit_head_compute_s': 0.002404500002739951, 'exit_check_s': 0.00026959999377140775, 'worker_elapsed_s': 0.06787199999962468}], 'sample_id': 'balanced_004_0003_00006634', 'label': 4, 'correct': True, 'observed_utility': 0.0326397999888286}",balanced_004_0003_00006634,43,6634,0.19347204000223428,0.005724374008423183,1
0.00020821701036766171,0.05684059999839519,0.05684059999839519,0.09926685500249732,0.00020821701036766171,0.15870755500509404,0.05684059999839519,0.059440700002596714,0.0011792999976023566,0.15902736100542825,0.05689400000119349,0.0,0.0,0.0,0.0,0.934499979019165,0.09926685500249732,0.00020821701036766171,unknown,0.0,0.0002620999985083472,0.0016490000052726828,0.0011792999976023566,0.051881400006095646,"{'device': [], 'edge': [0, 1, 2, 3, 4, 5, 6, 7, 8, 9, 10, 11, 12, 13, 14, 15, 16, 17, 18]}",19,final,edge,True,4,1.0,5.0,1.0,0.15902736100542825,0.20486319497285876,4,1782cf2be1ca4283a75d1971f1566690,"{'device_compute': 0.00020821701036766171, 'd2e_transport': 0.09926685500249732, 'edge_queue': 0.0011792999976023566, 'edge_segment_compute': 0.051881400006095646, 'edge_exit_head_compute': 0.0016490000052726828, 'edge_exit_check': 0.0002620999985083472, 'e2c_transport': 0.0, 'cloud_queue': 0.0, 'cloud_segment_compute': 0.0, 'cloud_exit_head_compute': 0.0, 'cloud_exit_check': 0.0, 'total_latency': 0.15902736100542825, 'unattributed_overhead': 0.00458048898508423, 'request_id': '1782cf2be1ca4283a75d1971f1566690', 'user_id': 1, 'prediction': 4, 'exit_id': 'final', 'exit_boundary_id': 19, 'exit_location': 'edge', 'confidence': 0.934499979019165, 'executed_segments_by_node': {'device': [], 'edge': [0, 1, 2, 3, 4, 5, 6, 7, 8, 9, 10, 11, 12, 13, 14, 15, 16, 17, 18]}, 'nodes': [{'node': 'device', 'executed_segments': [], 'queue_s': 0.0, 'segment_compute_s': 0.0, 'exit_head_compute_s': 0.0, 'exit_check_s': 0.0, 'worker_elapsed_s': 0.00020821701036766171}, {'node': 'edge', 'executed_segments': [0, 1, 2, 3, 4, 5, 6, 7, 8, 9, 10, 11, 12, 13, 14, 15, 16, 17, 18], 'queue_s': 0.0011792999976023566, 'segment_compute_s': 0.051881400006095646, 'exit_head_compute_s': 0.0016490000052726828, 'exit_check_s': 0.0002620999985083472, 'worker_elapsed_s': 0.05689400000119349}], 'sample_id': 'balanced_004_0004_00006941', 'label': 4, 'correct': True, 'observed_utility': 0.20486319497285876}",balanced_004_0004_00006941,44,6941,0.15902736100542825,0.00458048898508423,1
0.00020317999587859958,0.044744300001184456,0.044744300001184456,0.11190780700417235,0.00020317999587859958,0.15997720700397622,0.044744300001184456,0.04806939999980386,0.0019208999983675312,0.16028908900625538,0.0448179999984859,0.0,0.0,0.0,0.0,0.9314407706260681,0.11190780700417235,0.00020317999587859958,unknown,0.0,0.00019180000163032673,0.0028559000020322856,0.0019208999983675312,0.037926999993942445,"{'device': [], 'edge': [0, 1, 2, 3, 4, 5, 6, 7, 8, 9, 10, 11, 12, 13]}",14,after_layer3,edge,True,4,1.0,5.0,1.0,0.16028908900625538,0.1985545549687231,4,823e21f963e64e0b8866c55d50c84342,"{'device_compute': 0.00020317999587859958, 'd2e_transport': 0.11190780700417235, 'edge_queue': 0.0019208999983675312, 'edge_segment_compute': 0.037926999993942445, 'edge_exit_head_compute': 0.0028559000020322856, 'edge_exit_check': 0.00019180000163032673, 'e2c_transport': 0.0, 'cloud_queue': 0.0, 'cloud_segment_compute': 0.0, 'cloud_exit_head_compute': 0.0, 'cloud_exit_check': 0.0, 'total_latency': 0.16028908900625538, 'unattributed_overhead': 0.005282502010231838, 'request_id': '823e21f963e64e0b8866c55d50c84342', 'user_id': 1, 'prediction': 4, 'exit_id': 'after_layer3', 'exit_boundary_id': 14, 'exit_location': 'edge', 'confidence': 0.9314407706260681, 'executed_segments_by_node': {'device': [], 'edge': [0, 1, 2, 3, 4, 5, 6, 7, 8, 9, 10, 11, 12, 13]}, 'nodes': [{'node': 'device', 'executed_segments': [], 'queue_s': 0.0, 'segment_compute_s': 0.0, 'exit_head_compute_s': 0.0, 'exit_check_s': 0.0, 'worker_elapsed_s': 0.00020317999587859958}, {'node': 'edge', 'executed_segments': [0, 1, 2, 3, 4, 5, 6, 7, 8, 9, 10, 11, 12, 13], 'queue_s': 0.0019208999983675312, 'segment_compute_s': 0.037926999993942445, 'exit_head_compute_s': 0.0028559000020322856, 'exit_check_s': 0.00019180000163032673, 'worker_elapsed_s': 0.0448179999984859}], 'sample_id': 'balanced_004_0005_00007452', 'label': 4, 'correct': True, 'observed_utility': 0.1985545549687231}",balanced_004_0005_00007452,45,7452,0.16028908900625538,0.005282502010231838,1
0.00021162400662433356,0.049499000000650994,0.049499000000650994,0.10922586098968168,0.00021162400662433356,0.1613585609884467,0.049499000000650994,0.05213269999876502,0.0013241999986348674,0.16168649699829984,0.04957460000150604,0.0,0.0,0.0,0.0,0.9739088416099548,0.10922586098968168,0.00021162400662433356,unknown,0.0,0.0003632000007200986,0.002517400003853254,0.0013241999986348674,0.04265539999687462,"{'device': [], 'edge': [0, 1, 2, 3, 4, 5, 6, 7, 8, 9, 10, 11, 12, 13]}",14,after_layer3,edge,True,4,1.0,5.0,1.0,0.16168649699829984,0.19156751500850078,4,6c8759f282fb47649c6cf0c55ff60306,"{'device_compute': 0.00021162400662433356, 'd2e_transport': 0.10922586098968168, 'edge_queue': 0.0013241999986348674, 'edge_segment_compute': 0.04265539999687462, 'edge_exit_head_compute': 0.002517400003853254, 'edge_exit_check': 0.0003632000007200986, 'e2c_transport': 0.0, 'cloud_queue': 0.0, 'cloud_segment_compute': 0.0, 'cloud_exit_head_compute': 0.0, 'cloud_exit_check': 0.0, 'total_latency': 0.16168649699829984, 'unattributed_overhead': 0.005388812001910992, 'request_id': '6c8759f282fb47649c6cf0c55ff60306', 'user_id': 1, 'prediction': 4, 'exit_id': 'after_layer3', 'exit_boundary_id': 14, 'exit_location': 'edge', 'confidence': 0.9739088416099548, 'executed_segments_by_node': {'device': [], 'edge': [0, 1, 2, 3, 4, 5, 6, 7, 8, 9, 10, 11, 12, 13]}, 'nodes': [{'node': 'device', 'executed_segments': [], 'queue_s': 0.0, 'segment_compute_s': 0.0, 'exit_head_compute_s': 0.0, 'exit_check_s': 0.0, 'worker_elapsed_s': 0.00021162400662433356}, {'node': 'edge', 'executed_segments': [0, 1, 2, 3, 4, 5, 6, 7, 8, 9, 10, 11, 12, 13], 'queue_s': 0.0013241999986348674, 'segment_compute_s': 0.04265539999687462, 'exit_head_compute_s': 0.002517400003853254, 'exit_check_s': 0.0003632000007200986, 'worker_elapsed_s': 0.04957460000150604}], 'sample_id': 'balanced_004_0006_00008452', 'label': 4, 'correct': True, 'observed_utility': 0.19156751500850078}",balanced_004_0006_00008452,46,8452,0.16168649699829984,0.005388812001910992,1
0.00021629000548273325,0.04819809999753488,0.04819809999753488,0.11776840699167224,0.00021629000548273325,0.16930950699315872,0.04819809999753488,0.051541100001486484,0.001852199999120785,0.16966338599740993,0.048274700002366444,0.0,0.0,0.0,0.0,0.9952569603919983,0.11776840699167224,0.00021629000548273325,unknown,0.0,0.0004605999965860974,0.0025376000012329314,0.001852199999120785,0.04138739999689278,"{'device': [], 'edge': [0, 1, 2, 3, 4, 5, 6, 7, 8, 9, 10, 11, 12, 13]}",14,after_layer3,edge,True,4,1.0,5.0,1.0,0.16966338599740993,0.15168307001295034,4,b6bf591954bc45f39bb7568bf3de93d7,"{'device_compute': 0.00021629000548273325, 'd2e_transport': 0.11776840699167224, 'edge_queue': 0.001852199999120785, 'edge_segment_compute': 0.04138739999689278, 'edge_exit_head_compute': 0.0025376000012329314, 'edge_exit_check': 0.0004605999965860974, 'e2c_transport': 0.0, 'cloud_queue': 0.0, 'cloud_segment_compute': 0.0, 'cloud_exit_head_compute': 0.0, 'cloud_exit_check': 0.0, 'total_latency': 0.16966338599740993, 'unattributed_overhead': 0.005440889006422367, 'request_id': 'b6bf591954bc45f39bb7568bf3de93d7', 'user_id': 1, 'prediction': 4, 'exit_id': 'after_layer3', 'exit_boundary_id': 14, 'exit_location': 'edge', 'confidence': 0.9952569603919983, 'executed_segments_by_node': {'device': [], 'edge': [0, 1, 2, 3, 4, 5, 6, 7, 8, 9, 10, 11, 12, 13]}, 'nodes': [{'node': 'device', 'executed_segments': [], 'queue_s': 0.0, 'segment_compute_s': 0.0, 'exit_head_compute_s': 0.0, 'exit_check_s': 0.0, 'worker_elapsed_s': 0.00021629000548273325}, {'node': 'edge', 'executed_segments': [0, 1, 2, 3, 4, 5, 6, 7, 8, 9, 10, 11, 12, 13], 'queue_s': 0.001852199999120785, 'segment_compute_s': 0.04138739999689278, 'exit_head_compute_s': 0.0025376000012329314, 'exit_check_s': 0.0004605999965860974, 'worker_elapsed_s': 0.048274700002366444}], 'sample_id': 'balanced_004_0007_00008711', 'label': 4, 'correct': True, 'observed_utility': 0.15168307001295034}",balanced_004_0007_00008711,47,8711,0.16966338599740993,0.005440889006422367,1
0.00020525399304460734,0.047205599999870174,0.047205599999870174,0.10940268000922515,0.00020525399304460734,0.15974738000659272,0.047205599999870174,0.05034469999736757,0.0015987000006134622,0.16010900000401307,0.04728109999996377,0.0,0.0,0.0,0.0,0.9229848980903625,0.10940268000922515,0.00020525399304460734,unknown,0.0,0.00025329999698442407,0.0014417999991565011,0.0015987000006134622,0.04252759999872069,"{'device': [], 'edge': [0, 1, 2, 3, 4, 5, 6, 7, 8, 9, 10, 11, 12, 13]}",14,after_layer3,edge,True,4,1.0,5.0,1.0,0.16010900000401307,0.19945499997993466,4,d3a550e214f045a2906edb418f8adea9,"{'device_compute': 0.00020525399304460734, 'd2e_transport': 0.10940268000922515, 'edge_queue': 0.0015987000006134622, 'edge_segment_compute': 0.04252759999872069, 'edge_exit_head_compute': 0.0014417999991565011, 'edge_exit_check': 0.00025329999698442407, 'e2c_transport': 0.0, 'cloud_queue': 0.0, 'cloud_segment_compute': 0.0, 'cloud_exit_head_compute': 0.0, 'cloud_exit_check': 0.0, 'total_latency': 0.16010900000401307, 'unattributed_overhead': 0.004679666006268235, 'request_id': 'd3a550e214f045a2906edb418f8adea9', 'user_id': 1, 'prediction': 4, 'exit_id': 'after_layer3', 'exit_boundary_id': 14, 'exit_location': 'edge', 'confidence': 0.9229848980903625, 'executed_segments_by_node': {'device': [], 'edge': [0, 1, 2, 3, 4, 5, 6, 7, 8, 9, 10, 11, 12, 13]}, 'nodes': [{'node': 'device', 'executed_segments': [], 'queue_s': 0.0, 'segment_compute_s': 0.0, 'exit_head_compute_s': 0.0, 'exit_check_s': 0.0, 'worker_elapsed_s': 0.00020525399304460734}, {'node': 'edge', 'executed_segments': [0, 1, 2, 3, 4, 5, 6, 7, 8, 9, 10, 11, 12, 13], 'queue_s': 0.0015987000006134622, 'segment_compute_s': 0.04252759999872069, 'exit_head_compute_s': 0.0014417999991565011, 'exit_check_s': 0.00025329999698442407, 'worker_elapsed_s': 0.04728109999996377}], 'sample_id': 'balanced_004_0008_00009128', 'label': 4, 'correct': True, 'observed_utility': 0.19945499997993466}",balanced_004_0008_00009128,48,9128,0.16010900000401307,0.004679666006268235,1
0.00022436400467995554,0.0673876000000746,0.0673876000000746,0.09826162500758073,0.00022436400467995554,0.16930352500639856,0.0673876000000746,0.07104189999881783,0.0016928000004554633,0.16965440500644036,0.06746970000313013,0.0,0.0,0.0,0.0,0.9804877638816833,0.09826162500758073,0.00022436400467995554,unknown,0.0,0.0005988999982946552,0.0020692999969469383,0.0016928000004554633,0.05985250000594533,"{'device': [], 'edge': [0, 1, 2, 3, 4, 5, 6, 7, 8, 9, 10, 11, 12, 13, 14, 15, 16, 17, 18]}",19,final,edge,True,4,1.0,5.0,1.0,0.16965440500644036,0.15172797496779822,4,d641f0e03ef84ae9b96a70a5b9bf44af,"{'device_compute': 0.00022436400467995554, 'd2e_transport': 0.09826162500758073, 'edge_queue': 0.0016928000004554633, 'edge_segment_compute': 0.05985250000594533, 'edge_exit_head_compute': 0.0020692999969469383, 'edge_exit_check': 0.0005988999982946552, 'e2c_transport': 0.0, 'cloud_queue': 0.0, 'cloud_segment_compute': 0.0, 'cloud_exit_head_compute': 0.0, 'cloud_exit_check': 0.0, 'total_latency': 0.16965440500644036, 'unattributed_overhead': 0.0069549159925372805, 'request_id': 'd641f0e03ef84ae9b96a70a5b9bf44af', 'user_id': 1, 'prediction': 4, 'exit_id': 'final', 'exit_boundary_id': 19, 'exit_location': 'edge', 'confidence': 0.9804877638816833, 'executed_segments_by_node': {'device': [], 'edge': [0, 1, 2, 3, 4, 5, 6, 7, 8, 9, 10, 11, 12, 13, 14, 15, 16, 17, 18]}, 'nodes': [{'node': 'device', 'executed_segments': [], 'queue_s': 0.0, 'segment_compute_s': 0.0, 'exit_head_compute_s': 0.0, 'exit_check_s': 0.0, 'worker_elapsed_s': 0.00022436400467995554}, {'node': 'edge', 'executed_segments': [0, 1, 2, 3, 4, 5, 6, 7, 8, 9, 10, 11, 12, 13, 14, 15, 16, 17, 18], 'queue_s': 0.0016928000004554633, 'segment_compute_s': 0.05985250000594533, 'exit_head_compute_s': 0.0020692999969469383, 'exit_check_s': 0.0005988999982946552, 'worker_elapsed_s': 0.06746970000313013}], 'sample_id': 'balanced_004_0009_00009549', 'label': 4, 'correct': True, 'observed_utility': 0.15172797496779822}",balanced_004_0009_00009549,49,9549,0.16965440500644036,0.0069549159925372805,1
0.00020345801021903753,0.044108300000516465,0.044108300000516465,0.09958086201368133,0.00020345801021903753,0.14659986201149877,0.044108300000516465,0.047018999997817446,0.0013127000020176638,0.1469288540101843,0.04416950000086217,0.0,0.0,0.0,0.0,0.9638592600822449,0.09958086201368133,0.00020345801021903753,unknown,0.0,0.0002359000027354341,0.0017648000030021649,0.0013127000020176638,0.03935049999563489,"{'device': [], 'edge': [0, 1, 2, 3, 4, 5, 6, 7, 8, 9, 10, 11, 12, 13]}",14,after_layer3,edge,True,5,1.0,5.0,1.0,0.1469288540101843,0.2653557299490785,5,ee8d74f579224927b3d1d002a3d14a06,"{'device_compute': 0.00020345801021903753, 'd2e_transport': 0.09958086201368133, 'edge_queue': 0.0013127000020176638, 'edge_segment_compute': 0.03935049999563489, 'edge_exit_head_compute': 0.0017648000030021649, 'edge_exit_check': 0.0002359000027354341, 'e2c_transport': 0.0, 'cloud_queue': 0.0, 'cloud_segment_compute': 0.0, 'cloud_exit_head_compute': 0.0, 'cloud_exit_check': 0.0, 'total_latency': 0.1469288540101843, 'unattributed_overhead': 0.004480633982893778, 'request_id': 'ee8d74f579224927b3d1d002a3d14a06', 'user_id': 1, 'prediction': 5, 'exit_id': 'after_layer3', 'exit_boundary_id': 14, 'exit_location': 'edge', 'confidence': 0.9638592600822449, 'executed_segments_by_node': {'device': [], 'edge': [0, 1, 2, 3, 4, 5, 6, 7, 8, 9, 10, 11, 12, 13]}, 'nodes': [{'node': 'device', 'executed_segments': [], 'queue_s': 0.0, 'segment_compute_s': 0.0, 'exit_head_compute_s': 0.0, 'exit_check_s': 0.0, 'worker_elapsed_s': 0.00020345801021903753}, {'node': 'edge', 'executed_segments': [0, 1, 2, 3, 4, 5, 6, 7, 8, 9, 10, 11, 12, 13], 'queue_s': 0.0013127000020176638, 'segment_compute_s': 0.03935049999563489, 'exit_head_compute_s': 0.0017648000030021649, 'exit_check_s': 0.0002359000027354341, 'worker_elapsed_s': 0.04416950000086217}], 'sample_id': 'balanced_005_0000_00000262', 'label': 5, 'correct': True, 'observed_utility': 0.2653557299490785}",balanced_005_0000_00000262,50,262,0.1469288540101843,0.004480633982893778,1
0.00022884599457029253,0.045112699997844175,0.045112699997844175,0.11568653799258755,0.00022884599457029253,0.1642818379914388,0.045112699997844175,0.04859529999885126,0.0017011000018101186,0.16462505199888255,0.04516420000072685,0.0,0.0,0.0,0.0,0.9576847553253174,0.11568653799258755,0.00022884599457029253,unknown,0.0,0.00022300000273389742,0.0015974000016285572,0.0017011000018101186,0.04037079999761772,"{'device': [], 'edge': [0, 1, 2, 3, 4, 5, 6, 7, 8, 9, 10, 11, 12, 13]}",14,after_layer3,edge,True,5,1.0,5.0,1.0,0.16462505199888255,0.17687474000558723,5,44eca81629f14af180c0e2b4ec294ff4,"{'device_compute': 0.00022884599457029253, 'd2e_transport': 0.11568653799258755, 'edge_queue': 0.0017011000018101186, 'edge_segment_compute': 0.04037079999761772, 'edge_exit_head_compute': 0.0015974000016285572, 'edge_exit_check': 0.00022300000273389742, 'e2c_transport': 0.0, 'cloud_queue': 0.0, 'cloud_segment_compute': 0.0, 'cloud_exit_head_compute': 0.0, 'cloud_exit_check': 0.0, 'total_latency': 0.16462505199888255, 'unattributed_overhead': 0.0048173680079344194, 'request_id': '44eca81629f14af180c0e2b4ec294ff4', 'user_id': 1, 'prediction': 5, 'exit_id': 'after_layer3', 'exit_boundary_id': 14, 'exit_location': 'edge', 'confidence': 0.9576847553253174, 'executed_segments_by_node': {'device': [], 'edge': [0, 1, 2, 3, 4, 5, 6, 7, 8, 9, 10, 11, 12, 13]}, 'nodes': [{'node': 'device', 'executed_segments': [], 'queue_s': 0.0, 'segment_compute_s': 0.0, 'exit_head_compute_s': 0.0, 'exit_check_s': 0.0, 'worker_elapsed_s': 0.00022884599457029253}, {'node': 'edge', 'executed_segments': [0, 1, 2, 3, 4, 5, 6, 7, 8, 9, 10, 11, 12, 13], 'queue_s': 0.0017011000018101186, 'segment_compute_s': 0.04037079999761772, 'exit_head_compute_s': 0.0015974000016285572, 'exit_check_s': 0.00022300000273389742, 'worker_elapsed_s': 0.04516420000072685}], 'sample_id': 'balanced_005_0001_00001337', 'label': 5, 'correct': True, 'observed_utility': 0.17687474000558723}",balanced_005_0001_00001337,51,1337,0.16462505199888255,0.0048173680079344194,1
0.00023906800197437406,0.07037489999856916,0.07037489999856916,0.10301917099786806,0.00023906800197437406,0.17622657099855132,0.07037489999856916,0.07320740000068326,0.0013356000017665792,0.17658000701339915,0.0704489999989164,0.0,0.0,0.0,0.0,0.993786096572876,0.10301917099786806,0.00023906800197437406,unknown,0.0,0.00037200000224402174,0.0028960000054212287,0.0013356000017665792,0.062353600002097664,"{'device': [], 'edge': [0, 1, 2, 3, 4, 5, 6, 7, 8, 9, 10, 11, 12, 13, 14, 15, 16, 17, 18]}",19,final,edge,True,5,1.0,5.0,1.0,0.17658000701339915,0.11709996493300423,5,371d064e4fe44aaba38b17c9c9e47a8f,"{'device_compute': 0.00023906800197437406, 'd2e_transport': 0.10301917099786806, 'edge_queue': 0.0013356000017665792, 'edge_segment_compute': 0.062353600002097664, 'edge_exit_head_compute': 0.0028960000054212287, 'edge_exit_check': 0.00037200000224402174, 'e2c_transport': 0.0, 'cloud_queue': 0.0, 'cloud_segment_compute': 0.0, 'cloud_exit_head_compute': 0.0, 'cloud_exit_check': 0.0, 'total_latency': 0.17658000701339915, 'unattributed_overhead': 0.006364568002027227, 'request_id': '371d064e4fe44aaba38b17c9c9e47a8f', 'user_id': 1, 'prediction': 5, 'exit_id': 'final', 'exit_boundary_id': 19, 'exit_location': 'edge', 'confidence': 0.993786096572876, 'executed_segments_by_node': {'device': [], 'edge': [0, 1, 2, 3, 4, 5, 6, 7, 8, 9, 10, 11, 12, 13, 14, 15, 16, 17, 18]}, 'nodes': [{'node': 'device', 'executed_segments': [], 'queue_s': 0.0, 'segment_compute_s': 0.0, 'exit_head_compute_s': 0.0, 'exit_check_s': 0.0, 'worker_elapsed_s': 0.00023906800197437406}, {'node': 'edge', 'executed_segments': [0, 1, 2, 3, 4, 5, 6, 7, 8, 9, 10, 11, 12, 13, 14, 15, 16, 17, 18], 'queue_s': 0.0013356000017665792, 'segment_compute_s': 0.062353600002097664, 'exit_head_compute_s': 0.0028960000054212287, 'exit_check_s': 0.00037200000224402174, 'worker_elapsed_s': 0.0704489999989164}], 'sample_id': 'balanced_005_0002_00001527', 'label': 5, 'correct': True, 'observed_utility': 0.11709996493300423}",balanced_005_0002_00001527,52,1527,0.17658000701339915,0.006364568002027227,1
0.00021719800133723766,0.06927939999877708,0.06927939999877708,0.09718095299831475,0.00021719800133723766,0.16965455299941823,0.06927939999877708,0.07247360000110348,0.0015149999999266583,0.1699883410037728,0.0693533000012394,0.0,0.0,0.0,0.0,0.9944421648979187,0.09718095299831475,0.00021719800133723766,unknown,0.0,0.0004540999980235938,0.0016384999980800785,0.0015149999999266583,0.06321919999754755,"{'device': [], 'edge': [0, 1, 2, 3, 4, 5, 6, 7, 8, 9, 10, 11, 12, 13, 14, 15, 16, 17, 18]}",19,final,edge,True,5,1.0,5.0,1.0,0.1699883410037728,0.150058294981136,5,50ddca39c0004fb4b0c0905308f02e24,"{'device_compute': 0.00021719800133723766, 'd2e_transport': 0.09718095299831475, 'edge_queue': 0.0015149999999266583, 'edge_segment_compute': 0.06321919999754755, 'edge_exit_head_compute': 0.0016384999980800785, 'edge_exit_check': 0.0004540999980235938, 'e2c_transport': 0.0, 'cloud_queue': 0.0, 'cloud_segment_compute': 0.0, 'cloud_exit_head_compute': 0.0, 'cloud_exit_check': 0.0, 'total_latency': 0.1699883410037728, 'unattributed_overhead': 0.005763390010542935, 'request_id': '50ddca39c0004fb4b0c0905308f02e24', 'user_id': 1, 'prediction': 5, 'exit_id': 'final', 'exit_boundary_id': 19, 'exit_location': 'edge', 'confidence': 0.9944421648979187, 'executed_segments_by_node': {'device': [], 'edge': [0, 1, 2, 3, 4, 5, 6, 7, 8, 9, 10, 11, 12, 13, 14, 15, 16, 17, 18]}, 'nodes': [{'node': 'device', 'executed_segments': [], 'queue_s': 0.0, 'segment_compute_s': 0.0, 'exit_head_compute_s': 0.0, 'exit_check_s': 0.0, 'worker_elapsed_s': 0.00021719800133723766}, {'node': 'edge', 'executed_segments': [0, 1, 2, 3, 4, 5, 6, 7, 8, 9, 10, 11, 12, 13, 14, 15, 16, 17, 18], 'queue_s': 0.0015149999999266583, 'segment_compute_s': 0.06321919999754755, 'exit_head_compute_s': 0.0016384999980800785, 'exit_check_s': 0.0004540999980235938, 'worker_elapsed_s': 0.0693533000012394}], 'sample_id': 'balanced_005_0003_00002154', 'label': 5, 'correct': True, 'observed_utility': 0.150058294981136}",balanced_005_0003_00002154,53,2154,0.1699883410037728,0.005763390010542935,1
0.0001988279982469976,0.06016929999896092,0.06016929999896092,0.0909615829878021,0.0001988279982469976,0.15383038298750762,0.06016929999896092,0.06286879999970552,0.001358299999992596,0.1541404860035982,0.060226700003113365,0.0,0.0,0.0,0.0,0.9993588328361511,0.0909615829878021,0.0001988279982469976,unknown,0.0,0.00025889999596984126,0.00170829999842681,0.001358299999992596,0.054258199994364986,"{'device': [], 'edge': [0, 1, 2, 3, 4, 5, 6, 7, 8, 9, 10, 11, 12, 13, 14, 15, 16, 17, 18]}",19,final,edge,True,5,1.0,5.0,1.0,0.1541404860035982,0.229297569982009,5,ff35d5f736c74f598ebb1fb9255182fa,"{'device_compute': 0.0001988279982469976, 'd2e_transport': 0.0909615829878021, 'edge_queue': 0.001358299999992596, 'edge_segment_compute': 0.054258199994364986, 'edge_exit_head_compute': 0.00170829999842681, 'edge_exit_check': 0.00025889999596984126, 'e2c_transport': 0.0, 'cloud_queue': 0.0, 'cloud_segment_compute': 0.0, 'cloud_exit_head_compute': 0.0, 'cloud_exit_check': 0.0, 'total_latency': 0.1541404860035982, 'unattributed_overhead': 0.005396375028794864, 'request_id': 'ff35d5f736c74f598ebb1fb9255182fa', 'user_id': 1, 'prediction': 5, 'exit_id': 'final', 'exit_boundary_id': 19, 'exit_location': 'edge', 'confidence': 0.9993588328361511, 'executed_segments_by_node': {'device': [], 'edge': [0, 1, 2, 3, 4, 5, 6, 7, 8, 9, 10, 11, 12, 13, 14, 15, 16, 17, 18]}, 'nodes': [{'node': 'device', 'executed_segments': [], 'queue_s': 0.0, 'segment_compute_s': 0.0, 'exit_head_compute_s': 0.0, 'exit_check_s': 0.0, 'worker_elapsed_s': 0.0001988279982469976}, {'node': 'edge', 'executed_segments': [0, 1, 2, 3, 4, 5, 6, 7, 8, 9, 10, 11, 12, 13, 14, 15, 16, 17, 18], 'queue_s': 0.001358299999992596, 'segment_compute_s': 0.054258199994364986, 'exit_head_compute_s': 0.00170829999842681, 'exit_check_s': 0.00025889999596984126, 'worker_elapsed_s': 0.060226700003113365}], 'sample_id': 'balanced_005_0004_00004530', 'label': 5, 'correct': True, 'observed_utility': 0.229297569982009}",balanced_005_0004_00004530,54,4530,0.1541404860035982,0.005396375028794864,1
0.00021671599824912846,0.06989569999859668,0.06989569999859668,0.09533579399430891,0.00021671599824912846,0.16804609399696346,0.06989569999859668,0.07271030000265455,0.0014682000000902917,0.1683844740036875,0.06996520000029705,0.0,0.0,0.0,0.0,0.6702404022216797,0.09533579399430891,0.00021671599824912846,unknown,0.0,0.0002828999968187418,0.0023535000000265427,0.0014682000000902917,0.06189649998850655,"{'device': [], 'edge': [0, 1, 2, 3, 4, 5, 6, 7, 8, 9, 10, 11, 12, 13, 14, 15, 16, 17, 18]}",19,final,edge,True,5,1.0,5.0,1.0,0.1683844740036875,0.1580776299815625,5,a6c8236f772547f085fabe41d0a468f4,"{'device_compute': 0.00021671599824912846, 'd2e_transport': 0.09533579399430891, 'edge_queue': 0.0014682000000902917, 'edge_segment_compute': 0.06189649998850655, 'edge_exit_head_compute': 0.0023535000000265427, 'edge_exit_check': 0.0002828999968187418, 'e2c_transport': 0.0, 'cloud_queue': 0.0, 'cloud_segment_compute': 0.0, 'cloud_exit_head_compute': 0.0, 'cloud_exit_check': 0.0, 'total_latency': 0.1683844740036875, 'unattributed_overhead': 0.006830864025687333, 'request_id': 'a6c8236f772547f085fabe41d0a468f4', 'user_id': 1, 'prediction': 5, 'exit_id': 'final', 'exit_boundary_id': 19, 'exit_location': 'edge', 'confidence': 0.6702404022216797, 'executed_segments_by_node': {'device': [], 'edge': [0, 1, 2, 3, 4, 5, 6, 7, 8, 9, 10, 11, 12, 13, 14, 15, 16, 17, 18]}, 'nodes': [{'node': 'device', 'executed_segments': [], 'queue_s': 0.0, 'segment_compute_s': 0.0, 'exit_head_compute_s': 0.0, 'exit_check_s': 0.0, 'worker_elapsed_s': 0.00021671599824912846}, {'node': 'edge', 'executed_segments': [0, 1, 2, 3, 4, 5, 6, 7, 8, 9, 10, 11, 12, 13, 14, 15, 16, 17, 18], 'queue_s': 0.0014682000000902917, 'segment_compute_s': 0.06189649998850655, 'exit_head_compute_s': 0.0023535000000265427, 'exit_check_s': 0.0002828999968187418, 'worker_elapsed_s': 0.06996520000029705}], 'sample_id': 'balanced_005_0005_00006183', 'label': 5, 'correct': True, 'observed_utility': 0.1580776299815625}",balanced_005_0005_00006183,55,6183,0.1683844740036875,0.006830864025687333,1
0.00027362199034541845,0.0720536999979231,0.0720536999979231,0.09708565699475002,0.00027362199034541845,0.17240755699458532,0.0720536999979231,0.0753218999998353,0.0018349000019952655,0.1728001960000256,0.07210289999784436,0.0,0.0,0.0,0.0,0.7124807238578796,0.09708565699475002,0.00027362199034541845,unknown,0.0,0.0003147000024910085,0.002922499996202532,0.0018349000019952655,0.06443919999219361,"{'device': [], 'edge': [0, 1, 2, 3, 4, 5, 6, 7, 8, 9, 10, 11, 12, 13, 14, 15, 16, 17, 18]}",19,final,edge,False,5,1.0,5.0,0.0,0.1728001960000256,-0.864000980000128,3,4299d74df23a4b948f5033562e884a5b,"{'device_compute': 0.00027362199034541845, 'd2e_transport': 0.09708565699475002, 'edge_queue': 0.0018349000019952655, 'edge_segment_compute': 0.06443919999219361, 'edge_exit_head_compute': 0.002922499996202532, 'edge_exit_check': 0.0003147000024910085, 'e2c_transport': 0.0, 'cloud_queue': 0.0, 'cloud_segment_compute': 0.0, 'cloud_exit_head_compute': 0.0, 'cloud_exit_check': 0.0, 'total_latency': 0.1728001960000256, 'unattributed_overhead': 0.005929617022047751, 'request_id': '4299d74df23a4b948f5033562e884a5b', 'user_id': 1, 'prediction': 3, 'exit_id': 'final', 'exit_boundary_id': 19, 'exit_location': 'edge', 'confidence': 0.7124807238578796, 'executed_segments_by_node': {'device': [], 'edge': [0, 1, 2, 3, 4, 5, 6, 7, 8, 9, 10, 11, 12, 13, 14, 15, 16, 17, 18]}, 'nodes': [{'node': 'device', 'executed_segments': [], 'queue_s': 0.0, 'segment_compute_s': 0.0, 'exit_head_compute_s': 0.0, 'exit_check_s': 0.0, 'worker_elapsed_s': 0.00027362199034541845}, {'node': 'edge', 'executed_segments': [0, 1, 2, 3, 4, 5, 6, 7, 8, 9, 10, 11, 12, 13, 14, 15, 16, 17, 18], 'queue_s': 0.0018349000019952655, 'segment_compute_s': 0.06443919999219361, 'exit_head_compute_s': 0.002922499996202532, 'exit_check_s': 0.0003147000024910085, 'worker_elapsed_s': 0.07210289999784436}], 'sample_id': 'balanced_005_0006_00006646', 'label': 5, 'correct': False, 'observed_utility': -0.864000980000128}",balanced_005_0006_00006646,56,6646,0.1728001960000256,0.005929617022047751,1
9.759000386111438e-05,0.046085399997537024,0.046085399997537024,0.08599957400656422,9.759000386111438e-05,0.13477077400602866,0.046085399997537024,0.04877119999946444,0.0015383999998448417,0.13493140001082793,0.046138400000927504,0.0,0.0,0.0,0.0,0.9445558190345764,0.08599957400656422,9.759000386111438e-05,unknown,0.0,0.0003398000008019153,0.0015638000004400965,0.0015383999998448417,0.04154079998988891,"{'device': [], 'edge': [0, 1, 2, 3, 4, 5, 6, 7, 8, 9, 10, 11, 12, 13]}",14,after_layer3,edge,True,5,1.0,5.0,1.0,0.13493140001082793,0.32534299994586036,5,bf02aa2fb1c34f6abfc91c762d308463,"{'device_compute': 9.759000386111438e-05, 'd2e_transport': 0.08599957400656422, 'edge_queue': 0.0015383999998448417, 'edge_segment_compute': 0.04154079998988891, 'edge_exit_head_compute': 0.0015638000004400965, 'edge_exit_check': 0.0003398000008019153, 'e2c_transport': 0.0, 'cloud_queue': 0.0, 'cloud_segment_compute': 0.0, 'cloud_exit_head_compute': 0.0, 'cloud_exit_check': 0.0, 'total_latency': 0.13493140001082793, 'unattributed_overhead': 0.003851436009426834, 'request_id': 'bf02aa2fb1c34f6abfc91c762d308463', 'user_id': 1, 'prediction': 5, 'exit_id': 'after_layer3', 'exit_boundary_id': 14, 'exit_location': 'edge', 'confidence': 0.9445558190345764, 'executed_segments_by_node': {'device': [], 'edge': [0, 1, 2, 3, 4, 5, 6, 7, 8, 9, 10, 11, 12, 13]}, 'nodes': [{'node': 'device', 'executed_segments': [], 'queue_s': 0.0, 'segment_compute_s': 0.0, 'exit_head_compute_s': 0.0, 'exit_check_s': 0.0, 'worker_elapsed_s': 9.759000386111438e-05}, {'node': 'edge', 'executed_segments': [0, 1, 2, 3, 4, 5, 6, 7, 8, 9, 10, 11, 12, 13], 'queue_s': 0.0015383999998448417, 'segment_compute_s': 0.04154079998988891, 'exit_head_compute_s': 0.0015638000004400965, 'exit_check_s': 0.0003398000008019153, 'worker_elapsed_s': 0.046138400000927504}], 'sample_id': 'balanced_005_0007_00007331', 'label': 5, 'correct': True, 'observed_utility': 0.32534299994586036}",balanced_005_0007_00007331,57,7331,0.13493140001082793,0.003851436009426834,1
0.00022023500059731305,0.060492700002214406,0.060492700002214406,0.10780755800078623,0.00022023500059731305,0.17092455799866002,0.060492700002214406,0.06311699999787379,0.0011895000025106128,0.17126727099821437,0.060541499999089865,0.0,0.0,0.0,0.0,0.9572751522064209,0.10780755800078623,0.00022023500059731305,unknown,0.0,0.00020980000044801272,0.00289600000178325,0.0011895000025106128,0.053141800006414996,"{'device': [], 'edge': [0, 1, 2, 3, 4, 5, 6, 7, 8, 9, 10, 11, 12, 13]}",14,after_layer3,edge,True,5,1.0,5.0,1.0,0.17126727099821437,0.14366364500892814,5,b1d0f98eb91846b0b29d7e7df268a264,"{'device_compute': 0.00022023500059731305, 'd2e_transport': 0.10780755800078623, 'edge_queue': 0.0011895000025106128, 'edge_segment_compute': 0.053141800006414996, 'edge_exit_head_compute': 0.00289600000178325, 'edge_exit_check': 0.00020980000044801272, 'e2c_transport': 0.0, 'cloud_queue': 0.0, 'cloud_segment_compute': 0.0, 'cloud_exit_head_compute': 0.0, 'cloud_exit_check': 0.0, 'total_latency': 0.17126727099821437, 'unattributed_overhead': 0.005802377985673957, 'request_id': 'b1d0f98eb91846b0b29d7e7df268a264', 'user_id': 1, 'prediction': 5, 'exit_id': 'after_layer3', 'exit_boundary_id': 14, 'exit_location': 'edge', 'confidence': 0.9572751522064209, 'executed_segments_by_node': {'device': [], 'edge': [0, 1, 2, 3, 4, 5, 6, 7, 8, 9, 10, 11, 12, 13]}, 'nodes': [{'node': 'device', 'executed_segments': [], 'queue_s': 0.0, 'segment_compute_s': 0.0, 'exit_head_compute_s': 0.0, 'exit_check_s': 0.0, 'worker_elapsed_s': 0.00022023500059731305}, {'node': 'edge', 'executed_segments': [0, 1, 2, 3, 4, 5, 6, 7, 8, 9, 10, 11, 12, 13], 'queue_s': 0.0011895000025106128, 'segment_compute_s': 0.053141800006414996, 'exit_head_compute_s': 0.00289600000178325, 'exit_check_s': 0.00020980000044801272, 'worker_elapsed_s': 0.060541499999089865}], 'sample_id': 'balanced_005_0008_00007538', 'label': 5, 'correct': True, 'observed_utility': 0.14366364500892814}",balanced_005_0008_00007538,58,7538,0.17126727099821437,0.005802377985673957,1
0.0002282350033055991,0.050805200000468176,0.050805200000468176,0.10551935600233264,0.0002282350033055991,0.15938155600451864,0.050805200000468176,0.053862200002186,0.0014784999984840397,0.1597323059977498,0.05085479999979725,0.0,0.0,0.0,0.0,0.9967281818389893,0.10551935600233264,0.0002282350033055991,unknown,0.0,0.00021540000307140872,0.0018286999984411523,0.0014784999984840397,0.04502649999631103,"{'device': [], 'edge': [0, 1, 2, 3, 4, 5, 6, 7, 8, 9, 10, 11, 12, 13]}",14,after_layer3,edge,True,5,1.0,5.0,1.0,0.1597323059977498,0.20133847001125105,5,3e149aae7fa74929ac0fa709c6f45b0a,"{'device_compute': 0.0002282350033055991, 'd2e_transport': 0.10551935600233264, 'edge_queue': 0.0014784999984840397, 'edge_segment_compute': 0.04502649999631103, 'edge_exit_head_compute': 0.0018286999984411523, 'edge_exit_check': 0.00021540000307140872, 'e2c_transport': 0.0, 'cloud_queue': 0.0, 'cloud_segment_compute': 0.0, 'cloud_exit_head_compute': 0.0, 'cloud_exit_check': 0.0, 'total_latency': 0.1597323059977498, 'unattributed_overhead': 0.005435614995803917, 'request_id': '3e149aae7fa74929ac0fa709c6f45b0a', 'user_id': 1, 'prediction': 5, 'exit_id': 'after_layer3', 'exit_boundary_id': 14, 'exit_location': 'edge', 'confidence': 0.9967281818389893, 'executed_segments_by_node': {'device': [], 'edge': [0, 1, 2, 3, 4, 5, 6, 7, 8, 9, 10, 11, 12, 13]}, 'nodes': [{'node': 'device', 'executed_segments': [], 'queue_s': 0.0, 'segment_compute_s': 0.0, 'exit_head_compute_s': 0.0, 'exit_check_s': 0.0, 'worker_elapsed_s': 0.0002282350033055991}, {'node': 'edge', 'executed_segments': [0, 1, 2, 3, 4, 5, 6, 7, 8, 9, 10, 11, 12, 13], 'queue_s': 0.0014784999984840397, 'segment_compute_s': 0.04502649999631103, 'exit_head_compute_s': 0.0018286999984411523, 'exit_check_s': 0.00021540000307140872, 'worker_elapsed_s': 0.05085479999979725}], 'sample_id': 'balanced_005_0009_00009922', 'label': 5, 'correct': True, 'observed_utility': 0.20133847001125105}",balanced_005_0009_00009922,59,9922,0.1597323059977498,0.005435614995803917,1
0.0002221610047854483,0.040447499999572756,0.040447499999572756,0.09933538500990835,0.0002221610047854483,0.14281288500933442,0.040447499999572756,0.04347749999942607,0.0013022000021010172,0.14315552399784792,0.0405042999991565,0.0,0.0,0.0,0.0,0.9859287142753601,0.09933538500990835,0.0002221610047854483,unknown,0.0,0.000396099996578414,0.0017864000001281966,0.0013022000021010172,0.03506869999546325,"{'device': [], 'edge': [0, 1, 2, 3, 4, 5, 6, 7, 8, 9, 10, 11, 12, 13]}",14,after_layer3,edge,True,6,1.0,5.0,1.0,0.14315552399784792,0.2842223800107604,6,69a2c91127684545a79296527fbad94c,"{'device_compute': 0.0002221610047854483, 'd2e_transport': 0.09933538500990835, 'edge_queue': 0.0013022000021010172, 'edge_segment_compute': 0.03506869999546325, 'edge_exit_head_compute': 0.0017864000001281966, 'edge_exit_check': 0.000396099996578414, 'e2c_transport': 0.0, 'cloud_queue': 0.0, 'cloud_segment_compute': 0.0, 'cloud_exit_head_compute': 0.0, 'cloud_exit_check': 0.0, 'total_latency': 0.14315552399784792, 'unattributed_overhead': 0.005044577988883248, 'request_id': '69a2c91127684545a79296527fbad94c', 'user_id': 1, 'prediction': 6, 'exit_id': 'after_layer3', 'exit_boundary_id': 14, 'exit_location': 'edge', 'confidence': 0.9859287142753601, 'executed_segments_by_node': {'device': [], 'edge': [0, 1, 2, 3, 4, 5, 6, 7, 8, 9, 10, 11, 12, 13]}, 'nodes': [{'node': 'device', 'executed_segments': [], 'queue_s': 0.0, 'segment_compute_s': 0.0, 'exit_head_compute_s': 0.0, 'exit_check_s': 0.0, 'worker_elapsed_s': 0.0002221610047854483}, {'node': 'edge', 'executed_segments': [0, 1, 2, 3, 4, 5, 6, 7, 8, 9, 10, 11, 12, 13], 'queue_s': 0.0013022000021010172, 'segment_compute_s': 0.03506869999546325, 'exit_head_compute_s': 0.0017864000001281966, 'exit_check_s': 0.000396099996578414, 'worker_elapsed_s': 0.0405042999991565}], 'sample_id': 'balanced_006_0000_00000762', 'label': 6, 'correct': True, 'observed_utility': 0.2842223800107604}",balanced_006_0000_00000762,60,762,0.14315552399784792,0.005044577988883248,1
0.00021958698926027864,0.06867809999675956,0.06867809999675956,0.1068984549929155,0.00021958698926027864,0.17861195499426685,0.06867809999675956,0.07171350000135135,0.001668100001552375,0.17895457599661313,0.06875429999854532,0.0,0.0,0.0,0.0,0.9998750686645508,0.1068984549929155,0.00021958698926027864,unknown,0.0,0.00028920000113430433,0.0014929999997548293,0.001668100001552375,0.06350239999665064,"{'device': [], 'edge': [0, 1, 2, 3, 4, 5, 6, 7, 8, 9, 10, 11, 12, 13, 14, 15, 16, 17, 18]}",19,final,edge,True,6,1.0,5.0,1.0,0.17895457599661313,0.10522712001693435,6,a7856cd5204f4e22acafaa6aa7475094,"{'device_compute': 0.00021958698926027864, 'd2e_transport': 0.1068984549929155, 'edge_queue': 0.001668100001552375, 'edge_segment_compute': 0.06350239999665064, 'edge_exit_head_compute': 0.0014929999997548293, 'edge_exit_check': 0.00028920000113430433, 'e2c_transport': 0.0, 'cloud_queue': 0.0, 'cloud_segment_compute': 0.0, 'cloud_exit_head_compute': 0.0, 'cloud_exit_check': 0.0, 'total_latency': 0.17895457599661313, 'unattributed_overhead': 0.004883834015345201, 'request_id': 'a7856cd5204f4e22acafaa6aa7475094', 'user_id': 1, 'prediction': 6, 'exit_id': 'final', 'exit_boundary_id': 19, 'exit_location': 'edge', 'confidence': 0.9998750686645508, 'executed_segments_by_node': {'device': [], 'edge': [0, 1, 2, 3, 4, 5, 6, 7, 8, 9, 10, 11, 12, 13, 14, 15, 16, 17, 18]}, 'nodes': [{'node': 'device', 'executed_segments': [], 'queue_s': 0.0, 'segment_compute_s': 0.0, 'exit_head_compute_s': 0.0, 'exit_check_s': 0.0, 'worker_elapsed_s': 0.00021958698926027864}, {'node': 'edge', 'executed_segments': [0, 1, 2, 3, 4, 5, 6, 7, 8, 9, 10, 11, 12, 13, 14, 15, 16, 17, 18], 'queue_s': 0.001668100001552375, 'segment_compute_s': 0.06350239999665064, 'exit_head_compute_s': 0.0014929999997548293, 'exit_check_s': 0.00028920000113430433, 'worker_elapsed_s': 0.06875429999854532}], 'sample_id': 'balanced_006_0001_00000965', 'label': 6, 'correct': True, 'observed_utility': 0.10522712001693435}",balanced_006_0001_00000965,61,965,0.17895457599661313,0.004883834015345201,1
0.00022760499268770218,0.08494129999962752,0.08494129999962752,0.12132192400531494,0.00022760499268770218,0.20983212400460616,0.08494129999962752,0.08851019999929122,0.0017771999991964549,0.21018161499523558,0.08499060000031022,0.0,0.0,0.0,0.0,0.9025987386703491,0.12132192400531494,0.00022760499268770218,unknown,0.0,0.0006929000010131858,0.0038643999978376087,0.0017771999991964549,0.0755946000062977,"{'device': [], 'edge': [0, 1, 2, 3, 4, 5, 6, 7, 8, 9, 10, 11, 12, 13, 14, 15, 16, 17, 18]}",19,final,edge,True,6,1.0,5.0,1.0,0.21018161499523558,-0.050908074976177886,6,1cfbd89af0d843249cc58555489caf7b,"{'device_compute': 0.00022760499268770218, 'd2e_transport': 0.12132192400531494, 'edge_queue': 0.0017771999991964549, 'edge_segment_compute': 0.0755946000062977, 'edge_exit_head_compute': 0.0038643999978376087, 'edge_exit_check': 0.0006929000010131858, 'e2c_transport': 0.0, 'cloud_queue': 0.0, 'cloud_segment_compute': 0.0, 'cloud_exit_head_compute': 0.0, 'cloud_exit_check': 0.0, 'total_latency': 0.21018161499523558, 'unattributed_overhead': 0.006702985992887989, 'request_id': '1cfbd89af0d843249cc58555489caf7b', 'user_id': 1, 'prediction': 6, 'exit_id': 'final', 'exit_boundary_id': 19, 'exit_location': 'edge', 'confidence': 0.9025987386703491, 'executed_segments_by_node': {'device': [], 'edge': [0, 1, 2, 3, 4, 5, 6, 7, 8, 9, 10, 11, 12, 13, 14, 15, 16, 17, 18]}, 'nodes': [{'node': 'device', 'executed_segments': [], 'queue_s': 0.0, 'segment_compute_s': 0.0, 'exit_head_compute_s': 0.0, 'exit_check_s': 0.0, 'worker_elapsed_s': 0.00022760499268770218}, {'node': 'edge', 'executed_segments': [0, 1, 2, 3, 4, 5, 6, 7, 8, 9, 10, 11, 12, 13, 14, 15, 16, 17, 18], 'queue_s': 0.0017771999991964549, 'segment_compute_s': 0.0755946000062977, 'exit_head_compute_s': 0.0038643999978376087, 'exit_check_s': 0.0006929000010131858, 'worker_elapsed_s': 0.08499060000031022}], 'sample_id': 'balanced_006_0002_00001572', 'label': 6, 'correct': True, 'observed_utility': -0.050908074976177886}",balanced_006_0002_00001572,62,1572,0.21018161499523558,0.006702985992887989,1
0.00020125400624237955,0.04516400000284193,0.04516400000284193,0.1094242480066896,0.00020125400624237955,0.15691124800650869,0.04516400000284193,0.04748699999981909,0.0011267999980191234,0.15722472200286575,0.045218900002510054,0.0,0.0,0.0,0.0,0.9999263286590576,0.1094242480066896,0.00020125400624237955,unknown,0.0,0.00032100000316859223,0.0018911000006482936,0.0011267999980191234,0.04030600000987761,"{'device': [], 'edge': [0, 1, 2, 3, 4, 5, 6, 7, 8, 9, 10, 11, 12, 13, 14, 15, 16, 17, 18]}",19,final,edge,True,6,1.0,5.0,1.0,0.15722472200286575,0.21387638998567127,6,9f3dafa2c02f406b9634869e2b20a1e6,"{'device_compute': 0.00020125400624237955, 'd2e_transport': 0.1094242480066896, 'edge_queue': 0.0011267999980191234, 'edge_segment_compute': 0.04030600000987761, 'edge_exit_head_compute': 0.0018911000006482936, 'edge_exit_check': 0.00032100000316859223, 'e2c_transport': 0.0, 'cloud_queue': 0.0, 'cloud_segment_compute': 0.0, 'cloud_exit_head_compute': 0.0, 'cloud_exit_check': 0.0, 'total_latency': 0.15722472200286575, 'unattributed_overhead': 0.0039543199782201555, 'request_id': '9f3dafa2c02f406b9634869e2b20a1e6', 'user_id': 1, 'prediction': 6, 'exit_id': 'final', 'exit_boundary_id': 19, 'exit_location': 'edge', 'confidence': 0.9999263286590576, 'executed_segments_by_node': {'device': [], 'edge': [0, 1, 2, 3, 4, 5, 6, 7, 8, 9, 10, 11, 12, 13, 14, 15, 16, 17, 18]}, 'nodes': [{'node': 'device', 'executed_segments': [], 'queue_s': 0.0, 'segment_compute_s': 0.0, 'exit_head_compute_s': 0.0, 'exit_check_s': 0.0, 'worker_elapsed_s': 0.00020125400624237955}, {'node': 'edge', 'executed_segments': [0, 1, 2, 3, 4, 5, 6, 7, 8, 9, 10, 11, 12, 13, 14, 15, 16, 17, 18], 'queue_s': 0.0011267999980191234, 'segment_compute_s': 0.04030600000987761, 'exit_head_compute_s': 0.0018911000006482936, 'exit_check_s': 0.00032100000316859223, 'worker_elapsed_s': 0.045218900002510054}], 'sample_id': 'balanced_006_0003_00001975', 'label': 6, 'correct': True, 'observed_utility': 0.21387638998567127}",balanced_006_0003_00001975,63,1975,0.15722472200286575,0.0039543199782201555,1
0.00021923499298281968,0.05995740000071237,0.05995740000071237,0.12070269899413688,0.00021923499298281968,0.18406779899669345,0.05995740000071237,0.06336510000255657,0.0019243999995524064,0.18440754899347667,0.06001049999758834,0.0,0.0,0.0,0.0,0.9632420539855957,0.12070269899413688,0.00021923499298281968,unknown,0.0,0.00020149999909335747,0.0027481999968586024,0.0019243999995524064,0.05310409999219701,"{'device': [], 'edge': [0, 1, 2, 3, 4, 5, 6, 7, 8, 9, 10, 11, 12, 13]}",14,after_layer3,edge,True,6,1.0,5.0,1.0,0.18440754899347667,0.07796225503261667,6,40fe51fdc1c64793b1b001d82ac94614,"{'device_compute': 0.00021923499298281968, 'd2e_transport': 0.12070269899413688, 'edge_queue': 0.0019243999995524064, 'edge_segment_compute': 0.05310409999219701, 'edge_exit_head_compute': 0.0027481999968586024, 'edge_exit_check': 0.00020149999909335747, 'e2c_transport': 0.0, 'cloud_queue': 0.0, 'cloud_segment_compute': 0.0, 'cloud_exit_head_compute': 0.0, 'cloud_exit_check': 0.0, 'total_latency': 0.18440754899347667, 'unattributed_overhead': 0.005507415018655593, 'request_id': '40fe51fdc1c64793b1b001d82ac94614', 'user_id': 1, 'prediction': 6, 'exit_id': 'after_layer3', 'exit_boundary_id': 14, 'exit_location': 'edge', 'confidence': 0.9632420539855957, 'executed_segments_by_node': {'device': [], 'edge': [0, 1, 2, 3, 4, 5, 6, 7, 8, 9, 10, 11, 12, 13]}, 'nodes': [{'node': 'device', 'executed_segments': [], 'queue_s': 0.0, 'segment_compute_s': 0.0, 'exit_head_compute_s': 0.0, 'exit_check_s': 0.0, 'worker_elapsed_s': 0.00021923499298281968}, {'node': 'edge', 'executed_segments': [0, 1, 2, 3, 4, 5, 6, 7, 8, 9, 10, 11, 12, 13], 'queue_s': 0.0019243999995524064, 'segment_compute_s': 0.05310409999219701, 'exit_head_compute_s': 0.0027481999968586024, 'exit_check_s': 0.00020149999909335747, 'worker_elapsed_s': 0.06001049999758834}], 'sample_id': 'balanced_006_0004_00003212', 'label': 6, 'correct': True, 'observed_utility': 0.07796225503261667}",balanced_006_0004_00003212,64,3212,0.18440754899347667,0.005507415018655593,1
0.00021666100656148046,0.046675100002175895,0.046675100002175895,0.16683647400714108,0.00021666100656148046,0.216465474004508,0.046675100002175895,0.04962899999736692,0.0012208999978611246,0.21679870600928552,0.04673030000049039,0.0,0.0,0.0,0.0,0.9881008863449097,0.16683647400714108,0.00021666100656148046,unknown,0.0,0.0003104999996139668,0.002343000000109896,0.0012208999978611246,0.04061460000593797,"{'device': [], 'edge': [0, 1, 2, 3, 4, 5, 6, 7, 8, 9, 10, 11, 12, 13]}",14,after_layer3,edge,True,6,1.0,5.0,1.0,0.21679870600928552,-0.08399353004642762,6,46d24e9e279842d39899c32c9bf186d4,"{'device_compute': 0.00021666100656148046, 'd2e_transport': 0.16683647400714108, 'edge_queue': 0.0012208999978611246, 'edge_segment_compute': 0.04061460000593797, 'edge_exit_head_compute': 0.002343000000109896, 'edge_exit_check': 0.0003104999996139668, 'e2c_transport': 0.0, 'cloud_queue': 0.0, 'cloud_segment_compute': 0.0, 'cloud_exit_head_compute': 0.0, 'cloud_exit_check': 0.0, 'total_latency': 0.21679870600928552, 'unattributed_overhead': 0.005256570992060006, 'request_id': '46d24e9e279842d39899c32c9bf186d4', 'user_id': 1, 'prediction': 6, 'exit_id': 'after_layer3', 'exit_boundary_id': 14, 'exit_location': 'edge', 'confidence': 0.9881008863449097, 'executed_segments_by_node': {'device': [], 'edge': [0, 1, 2, 3, 4, 5, 6, 7, 8, 9, 10, 11, 12, 13]}, 'nodes': [{'node': 'device', 'executed_segments': [], 'queue_s': 0.0, 'segment_compute_s': 0.0, 'exit_head_compute_s': 0.0, 'exit_check_s': 0.0, 'worker_elapsed_s': 0.00021666100656148046}, {'node': 'edge', 'executed_segments': [0, 1, 2, 3, 4, 5, 6, 7, 8, 9, 10, 11, 12, 13], 'queue_s': 0.0012208999978611246, 'segment_compute_s': 0.04061460000593797, 'exit_head_compute_s': 0.002343000000109896, 'exit_check_s': 0.0003104999996139668, 'worker_elapsed_s': 0.04673030000049039}], 'sample_id': 'balanced_006_0005_00005284', 'label': 6, 'correct': True, 'observed_utility': -0.08399353004642762}",balanced_006_0005_00005284,65,5284,0.21679870600928552,0.005256570992060006,1
0.0002122169971698895,0.07348859999910928,0.07348859999910928,0.15410372599944822,0.0002122169971698895,0.23190952600270975,0.07348859999910928,0.07780580000326154,0.0022521999999298714,0.23223836900433525,0.07357009999759612,0.0,0.0,0.0,0.0,0.4483073055744171,0.15410372599944822,0.0002122169971698895,unknown,0.0,0.0011930000000575092,0.00463040000613546,0.0022521999999298714,0.062256100012746174,"{'device': [], 'edge': [0, 1, 2, 3, 4, 5, 6, 7, 8, 9, 10, 11, 12, 13, 14, 15, 16, 17, 18]}",19,final,edge,True,6,1.0,5.0,1.0,0.23223836900433525,-0.16119184502167627,6,a5b30b9d810b412e813aa6c465cc2409,"{'device_compute': 0.0002122169971698895, 'd2e_transport': 0.15410372599944822, 'edge_queue': 0.0022521999999298714, 'edge_segment_compute': 0.062256100012746174, 'edge_exit_head_compute': 0.00463040000613546, 'edge_exit_check': 0.0011930000000575092, 'e2c_transport': 0.0, 'cloud_queue': 0.0, 'cloud_segment_compute': 0.0, 'cloud_exit_head_compute': 0.0, 'cloud_exit_check': 0.0, 'total_latency': 0.23223836900433525, 'unattributed_overhead': 0.007590725988848135, 'request_id': 'a5b30b9d810b412e813aa6c465cc2409', 'user_id': 1, 'prediction': 6, 'exit_id': 'final', 'exit_boundary_id': 19, 'exit_location': 'edge', 'confidence': 0.4483073055744171, 'executed_segments_by_node': {'device': [], 'edge': [0, 1, 2, 3, 4, 5, 6, 7, 8, 9, 10, 11, 12, 13, 14, 15, 16, 17, 18]}, 'nodes': [{'node': 'device', 'executed_segments': [], 'queue_s': 0.0, 'segment_compute_s': 0.0, 'exit_head_compute_s': 0.0, 'exit_check_s': 0.0, 'worker_elapsed_s': 0.0002122169971698895}, {'node': 'edge', 'executed_segments': [0, 1, 2, 3, 4, 5, 6, 7, 8, 9, 10, 11, 12, 13, 14, 15, 16, 17, 18], 'queue_s': 0.0022521999999298714, 'segment_compute_s': 0.062256100012746174, 'exit_head_compute_s': 0.00463040000613546, 'exit_check_s': 0.0011930000000575092, 'worker_elapsed_s': 0.07357009999759612}], 'sample_id': 'balanced_006_0006_00005388', 'label': 6, 'correct': True, 'observed_utility': -0.16119184502167627}",balanced_006_0006_00005388,66,5388,0.23223836900433525,0.007590725988848135,1
0.00019310700008645654,0.06727200000023004,0.06727200000023004,0.15349273400352104,0.00019310700008645654,0.22344333400542382,0.06727200000023004,0.06995060000190279,0.0012757000004057772,0.2237454560090555,0.06732700000065961,0.0,0.0,0.0,0.0,0.9999847412109375,0.15349273400352104,0.00019310700008645654,unknown,0.0,0.0003880000003846362,0.0023940000028233044,0.0012757000004057772,0.06117600000288803,"{'device': [], 'edge': [0, 1, 2, 3, 4, 5, 6, 7, 8, 9, 10, 11, 12, 13, 14, 15, 16, 17, 18]}",19,final,edge,True,6,1.0,5.0,1.0,0.2237454560090555,-0.11872728004527744,6,ee0cd0e92b894c84b1d43f6df0a1e2fd,"{'device_compute': 0.00019310700008645654, 'd2e_transport': 0.15349273400352104, 'edge_queue': 0.0012757000004057772, 'edge_segment_compute': 0.06117600000288803, 'edge_exit_head_compute': 0.0023940000028233044, 'edge_exit_check': 0.0003880000003846362, 'e2c_transport': 0.0, 'cloud_queue': 0.0, 'cloud_segment_compute': 0.0, 'cloud_exit_head_compute': 0.0, 'cloud_exit_check': 0.0, 'total_latency': 0.2237454560090555, 'unattributed_overhead': 0.004825914998946246, 'request_id': 'ee0cd0e92b894c84b1d43f6df0a1e2fd', 'user_id': 1, 'prediction': 6, 'exit_id': 'final', 'exit_boundary_id': 19, 'exit_location': 'edge', 'confidence': 0.9999847412109375, 'executed_segments_by_node': {'device': [], 'edge': [0, 1, 2, 3, 4, 5, 6, 7, 8, 9, 10, 11, 12, 13, 14, 15, 16, 17, 18]}, 'nodes': [{'node': 'device', 'executed_segments': [], 'queue_s': 0.0, 'segment_compute_s': 0.0, 'exit_head_compute_s': 0.0, 'exit_check_s': 0.0, 'worker_elapsed_s': 0.00019310700008645654}, {'node': 'edge', 'executed_segments': [0, 1, 2, 3, 4, 5, 6, 7, 8, 9, 10, 11, 12, 13, 14, 15, 16, 17, 18], 'queue_s': 0.0012757000004057772, 'segment_compute_s': 0.06117600000288803, 'exit_head_compute_s': 0.0023940000028233044, 'exit_check_s': 0.0003880000003846362, 'worker_elapsed_s': 0.06732700000065961}], 'sample_id': 'balanced_006_0007_00006605', 'label': 6, 'correct': True, 'observed_utility': -0.11872728004527744}",balanced_006_0007_00006605,67,6605,0.2237454560090555,0.004825914998946246,1
0.00022460598847828805,0.06752380000034464,0.06752380000034464,0.23609376399690518,0.00022460598847828805,0.30636346399842296,0.06752380000034464,0.07026970000151778,0.0012901000009151176,0.30674782500136644,0.06759790000069188,0.0,0.0,0.0,0.0,0.9961088299751282,0.23609376399690518,0.00022460598847828805,unknown,0.0,0.0004461999960767571,0.0022059000002627727,0.0012901000009151176,0.06031210000946885,"{'device': [], 'edge': [0, 1, 2, 3, 4, 5, 6, 7, 8, 9, 10, 11, 12, 13, 14, 15, 16, 17, 18]}",19,final,edge,True,6,1.0,5.0,1.0,0.30674782500136644,-0.5337391250068322,6,28649fd53a124b1bac883fd122e9c9c4,"{'device_compute': 0.00022460598847828805, 'd2e_transport': 0.23609376399690518, 'edge_queue': 0.0012901000009151176, 'edge_segment_compute': 0.06031210000946885, 'edge_exit_head_compute': 0.0022059000002627727, 'edge_exit_check': 0.0004461999960767571, 'e2c_transport': 0.0, 'cloud_queue': 0.0, 'cloud_segment_compute': 0.0, 'cloud_exit_head_compute': 0.0, 'cloud_exit_check': 0.0, 'total_latency': 0.30674782500136644, 'unattributed_overhead': 0.00617515500925947, 'request_id': '28649fd53a124b1bac883fd122e9c9c4', 'user_id': 1, 'prediction': 6, 'exit_id': 'final', 'exit_boundary_id': 19, 'exit_location': 'edge', 'confidence': 0.9961088299751282, 'executed_segments_by_node': {'device': [], 'edge': [0, 1, 2, 3, 4, 5, 6, 7, 8, 9, 10, 11, 12, 13, 14, 15, 16, 17, 18]}, 'nodes': [{'node': 'device', 'executed_segments': [], 'queue_s': 0.0, 'segment_compute_s': 0.0, 'exit_head_compute_s': 0.0, 'exit_check_s': 0.0, 'worker_elapsed_s': 0.00022460598847828805}, {'node': 'edge', 'executed_segments': [0, 1, 2, 3, 4, 5, 6, 7, 8, 9, 10, 11, 12, 13, 14, 15, 16, 17, 18], 'queue_s': 0.0012901000009151176, 'segment_compute_s': 0.06031210000946885, 'exit_head_compute_s': 0.0022059000002627727, 'exit_check_s': 0.0004461999960767571, 'worker_elapsed_s': 0.06759790000069188}], 'sample_id': 'balanced_006_0008_00006645', 'label': 6, 'correct': True, 'observed_utility': -0.5337391250068322}",balanced_006_0008_00006645,68,6645,0.30674782500136644,0.00617515500925947,1
0.0002139020070899278,0.045005799998762086,0.045005799998762086,0.22337189000609214,0.0002139020070899278,0.27172529000381473,0.045005799998762086,0.04835339999772259,0.0016486000022268854,0.27205970700015314,0.04507929999817861,0.0,0.0,0.0,0.0,0.8577031493186951,0.22337189000609214,0.0002139020070899278,unknown,0.0,0.0003057000030821655,0.002870499996788567,0.0016486000022268854,0.03800300000148127,"{'device': [], 'edge': [0, 1, 2, 3, 4, 5, 6, 7, 8, 9, 10, 11, 12, 13]}",14,after_layer3,edge,True,6,1.0,5.0,1.0,0.27205970700015314,-0.3602985350007657,6,73e03aa115d74c15a397417e83d0fb26,"{'device_compute': 0.0002139020070899278, 'd2e_transport': 0.22337189000609214, 'edge_queue': 0.0016486000022268854, 'edge_segment_compute': 0.03800300000148127, 'edge_exit_head_compute': 0.002870499996788567, 'edge_exit_check': 0.0003057000030821655, 'e2c_transport': 0.0, 'cloud_queue': 0.0, 'cloud_segment_compute': 0.0, 'cloud_exit_head_compute': 0.0, 'cloud_exit_check': 0.0, 'total_latency': 0.27205970700015314, 'unattributed_overhead': 0.005646114983392181, 'request_id': '73e03aa115d74c15a397417e83d0fb26', 'user_id': 1, 'prediction': 6, 'exit_id': 'after_layer3', 'exit_boundary_id': 14, 'exit_location': 'edge', 'confidence': 0.8577031493186951, 'executed_segments_by_node': {'device': [], 'edge': [0, 1, 2, 3, 4, 5, 6, 7, 8, 9, 10, 11, 12, 13]}, 'nodes': [{'node': 'device', 'executed_segments': [], 'queue_s': 0.0, 'segment_compute_s': 0.0, 'exit_head_compute_s': 0.0, 'exit_check_s': 0.0, 'worker_elapsed_s': 0.0002139020070899278}, {'node': 'edge', 'executed_segments': [0, 1, 2, 3, 4, 5, 6, 7, 8, 9, 10, 11, 12, 13], 'queue_s': 0.0016486000022268854, 'segment_compute_s': 0.03800300000148127, 'exit_head_compute_s': 0.002870499996788567, 'exit_check_s': 0.0003057000030821655, 'worker_elapsed_s': 0.04507929999817861}], 'sample_id': 'balanced_006_0009_00007337', 'label': 6, 'correct': True, 'observed_utility': -0.3602985350007657}",balanced_006_0009_00007337,69,7337,0.27205970700015314,0.005646114983392181,1
0.00024462300643790513,0.08922499999971478,0.08922499999971478,0.17784116500479286,0.00024462300643790513,0.27139846500358544,0.08922499999971478,0.09355729999879259,0.002346899997064611,0.27175653001177125,0.0894761000017752,0.0,0.0,0.0,0.0,0.9979439377784729,0.17784116500479286,0.00024462300643790513,unknown,0.0,0.00031550000130664557,0.005187900002056267,0.002346899997064611,0.07882959999551531,"{'device': [], 'edge': [0, 1, 2, 3, 4, 5, 6, 7, 8, 9, 10, 11, 12, 13, 14, 15, 16, 17, 18]}",19,final,edge,True,7,1.0,5.0,1.0,0.27175653001177125,-0.35878265005885623,7,b8082f869127409497507e8e3e60561c,"{'device_compute': 0.00024462300643790513, 'd2e_transport': 0.17784116500479286, 'edge_queue': 0.002346899997064611, 'edge_segment_compute': 0.07882959999551531, 'edge_exit_head_compute': 0.005187900002056267, 'edge_exit_check': 0.00031550000130664557, 'e2c_transport': 0.0, 'cloud_queue': 0.0, 'cloud_segment_compute': 0.0, 'cloud_exit_head_compute': 0.0, 'cloud_exit_check': 0.0, 'total_latency': 0.27175653001177125, 'unattributed_overhead': 0.006990842004597653, 'request_id': 'b8082f869127409497507e8e3e60561c', 'user_id': 1, 'prediction': 7, 'exit_id': 'final', 'exit_boundary_id': 19, 'exit_location': 'edge', 'confidence': 0.9979439377784729, 'executed_segments_by_node': {'device': [], 'edge': [0, 1, 2, 3, 4, 5, 6, 7, 8, 9, 10, 11, 12, 13, 14, 15, 16, 17, 18]}, 'nodes': [{'node': 'device', 'executed_segments': [], 'queue_s': 0.0, 'segment_compute_s': 0.0, 'exit_head_compute_s': 0.0, 'exit_check_s': 0.0, 'worker_elapsed_s': 0.00024462300643790513}, {'node': 'edge', 'executed_segments': [0, 1, 2, 3, 4, 5, 6, 7, 8, 9, 10, 11, 12, 13, 14, 15, 16, 17, 18], 'queue_s': 0.002346899997064611, 'segment_compute_s': 0.07882959999551531, 'exit_head_compute_s': 0.005187900002056267, 'exit_check_s': 0.00031550000130664557, 'worker_elapsed_s': 0.0894761000017752}], 'sample_id': 'balanced_007_0000_00000210', 'label': 7, 'correct': True, 'observed_utility': -0.35878265005885623}",balanced_007_0000_00000210,70,210,0.27175653001177125,0.006990842004597653,1
0.0002423450059723109,0.046653599998535356,0.046653599998535356,0.40731337500255904,0.0002423450059723109,0.45923357500578277,0.046653599998535356,0.051920200003223727,0.0016880000002856832,0.45959200999641325,0.04672550000032061,0.0,0.0,0.0,0.0,0.9683837890625,0.40731337500255904,0.0002423450059723109,unknown,0.0,0.00018759999511530623,0.0023446999948646408,0.0016880000002856832,0.03912080000372953,"{'device': [], 'edge': [0, 1, 2, 3, 4, 5, 6, 7, 8, 9, 10, 11, 12, 13]}",14,after_layer3,edge,True,7,1.0,5.0,1.0,0.45959200999641325,-1.2979600499820663,7,1c691c34d7104865a0ee285541044514,"{'device_compute': 0.0002423450059723109, 'd2e_transport': 0.40731337500255904, 'edge_queue': 0.0016880000002856832, 'edge_segment_compute': 0.03912080000372953, 'edge_exit_head_compute': 0.0023446999948646408, 'edge_exit_check': 0.00018759999511530623, 'e2c_transport': 0.0, 'cloud_queue': 0.0, 'cloud_segment_compute': 0.0, 'cloud_exit_head_compute': 0.0, 'cloud_exit_check': 0.0, 'total_latency': 0.45959200999641325, 'unattributed_overhead': 0.008695189993886743, 'request_id': '1c691c34d7104865a0ee285541044514', 'user_id': 1, 'prediction': 7, 'exit_id': 'after_layer3', 'exit_boundary_id': 14, 'exit_location': 'edge', 'confidence': 0.9683837890625, 'executed_segments_by_node': {'device': [], 'edge': [0, 1, 2, 3, 4, 5, 6, 7, 8, 9, 10, 11, 12, 13]}, 'nodes': [{'node': 'device', 'executed_segments': [], 'queue_s': 0.0, 'segment_compute_s': 0.0, 'exit_head_compute_s': 0.0, 'exit_check_s': 0.0, 'worker_elapsed_s': 0.0002423450059723109}, {'node': 'edge', 'executed_segments': [0, 1, 2, 3, 4, 5, 6, 7, 8, 9, 10, 11, 12, 13], 'queue_s': 0.0016880000002856832, 'segment_compute_s': 0.03912080000372953, 'exit_head_compute_s': 0.0023446999948646408, 'exit_check_s': 0.00018759999511530623, 'worker_elapsed_s': 0.04672550000032061}], 'sample_id': 'balanced_007_0001_00000386', 'label': 7, 'correct': True, 'observed_utility': -1.2979600499820663}",balanced_007_0001_00000386,71,386,0.45959200999641325,0.008695189993886743,1
0.00022014298883732408,0.06848460000037448,0.06848460000037448,0.19976349100033985,0.00022014298883732408,0.2714393909991486,0.06848460000037448,0.07167589999880875,0.0017296000005444512,0.27181297399511095,0.06855580000046757,0.0,0.0,0.0,0.0,0.999872088432312,0.19976349100033985,0.00022014298883732408,unknown,0.0,0.0006730000022798777,0.00195240000175545,0.0017296000005444512,0.06158569999388419,"{'device': [], 'edge': [0, 1, 2, 3, 4, 5, 6, 7, 8, 9, 10, 11, 12, 13, 14, 15, 16, 17, 18]}",19,final,edge,True,7,1.0,5.0,1.0,0.27181297399511095,-0.35906486997555476,7,b3c48953bda4497f9ad1a4d0101e522e,"{'device_compute': 0.00022014298883732408, 'd2e_transport': 0.19976349100033985, 'edge_queue': 0.0017296000005444512, 'edge_segment_compute': 0.06158569999388419, 'edge_exit_head_compute': 0.00195240000175545, 'edge_exit_check': 0.0006730000022798777, 'e2c_transport': 0.0, 'cloud_queue': 0.0, 'cloud_segment_compute': 0.0, 'cloud_exit_head_compute': 0.0, 'cloud_exit_check': 0.0, 'total_latency': 0.27181297399511095, 'unattributed_overhead': 0.005888640007469803, 'request_id': 'b3c48953bda4497f9ad1a4d0101e522e', 'user_id': 1, 'prediction': 7, 'exit_id': 'final', 'exit_boundary_id': 19, 'exit_location': 'edge', 'confidence': 0.999872088432312, 'executed_segments_by_node': {'device': [], 'edge': [0, 1, 2, 3, 4, 5, 6, 7, 8, 9, 10, 11, 12, 13, 14, 15, 16, 17, 18]}, 'nodes': [{'node': 'device', 'executed_segments': [], 'queue_s': 0.0, 'segment_compute_s': 0.0, 'exit_head_compute_s': 0.0, 'exit_check_s': 0.0, 'worker_elapsed_s': 0.00022014298883732408}, {'node': 'edge', 'executed_segments': [0, 1, 2, 3, 4, 5, 6, 7, 8, 9, 10, 11, 12, 13, 14, 15, 16, 17, 18], 'queue_s': 0.0017296000005444512, 'segment_compute_s': 0.06158569999388419, 'exit_head_compute_s': 0.00195240000175545, 'exit_check_s': 0.0006730000022798777, 'worker_elapsed_s': 0.06855580000046757}], 'sample_id': 'balanced_007_0002_00000567', 'label': 7, 'correct': True, 'observed_utility': -0.35906486997555476}",balanced_007_0002_00000567,72,567,0.27181297399511095,0.005888640007469803,1
0.00021386500156950206,0.0457892999984324,0.0457892999984324,0.361898442999518,0.00021386500156950206,0.41013534300145693,0.0457892999984324,0.04823690000193892,0.0013056999996479135,0.4104711120016873,0.04587549999996554,0.0,0.0,0.0,0.0,0.9703512787818909,0.361898442999518,0.00021386500156950206,unknown,0.0,0.00029120000181137584,0.0016112999983306509,0.0013056999996479135,0.040725400001974776,"{'device': [], 'edge': [0, 1, 2, 3, 4, 5, 6, 7, 8, 9, 10, 11, 12, 13]}",14,after_layer3,edge,True,7,1.0,5.0,1.0,0.4104711120016873,-1.0523555600084364,7,b68d8835ed2048488c99df3d99a6a3c5,"{'device_compute': 0.00021386500156950206, 'd2e_transport': 0.361898442999518, 'edge_queue': 0.0013056999996479135, 'edge_segment_compute': 0.040725400001974776, 'edge_exit_head_compute': 0.0016112999983306509, 'edge_exit_check': 0.00029120000181137584, 'e2c_transport': 0.0, 'cloud_queue': 0.0, 'cloud_segment_compute': 0.0, 'cloud_exit_head_compute': 0.0, 'cloud_exit_check': 0.0, 'total_latency': 0.4104711120016873, 'unattributed_overhead': 0.004425203998835059, 'request_id': 'b68d8835ed2048488c99df3d99a6a3c5', 'user_id': 1, 'prediction': 7, 'exit_id': 'after_layer3', 'exit_boundary_id': 14, 'exit_location': 'edge', 'confidence': 0.9703512787818909, 'executed_segments_by_node': {'device': [], 'edge': [0, 1, 2, 3, 4, 5, 6, 7, 8, 9, 10, 11, 12, 13]}, 'nodes': [{'node': 'device', 'executed_segments': [], 'queue_s': 0.0, 'segment_compute_s': 0.0, 'exit_head_compute_s': 0.0, 'exit_check_s': 0.0, 'worker_elapsed_s': 0.00021386500156950206}, {'node': 'edge', 'executed_segments': [0, 1, 2, 3, 4, 5, 6, 7, 8, 9, 10, 11, 12, 13], 'queue_s': 0.0013056999996479135, 'segment_compute_s': 0.040725400001974776, 'exit_head_compute_s': 0.0016112999983306509, 'exit_check_s': 0.00029120000181137584, 'worker_elapsed_s': 0.04587549999996554}], 'sample_id': 'balanced_007_0003_00002088', 'label': 7, 'correct': True, 'observed_utility': -1.0523555600084364}",balanced_007_0003_00002088,73,2088,0.4104711120016873,0.004425203998835059,1
0.00022854999406263232,0.04397830000016256,0.04397830000016256,0.1336454300035257,0.00022854999406263232,0.1828348300041398,0.04397830000016256,0.049189400000614114,0.001226299998961622,0.18318800599081442,0.044033599999238504,0.0,0.0,0.0,0.0,0.9537919759750366,0.1336454300035257,0.00022854999406263232,unknown,0.0,0.00026870000147027895,0.0015465999968000688,0.001226299998961622,0.03962099999989732,"{'device': [], 'edge': [0, 1, 2, 3, 4, 5, 6, 7, 8, 9, 10, 11, 12, 13]}",14,after_layer3,edge,True,7,1.0,5.0,1.0,0.18318800599081442,0.08405997004592791,7,2065fa20335a4985b9f7e9b50f1e33ed,"{'device_compute': 0.00022854999406263232, 'd2e_transport': 0.1336454300035257, 'edge_queue': 0.001226299998961622, 'edge_segment_compute': 0.03962099999989732, 'edge_exit_head_compute': 0.0015465999968000688, 'edge_exit_check': 0.00026870000147027895, 'e2c_transport': 0.0, 'cloud_queue': 0.0, 'cloud_segment_compute': 0.0, 'cloud_exit_head_compute': 0.0, 'cloud_exit_check': 0.0, 'total_latency': 0.18318800599081442, 'unattributed_overhead': 0.006651425996096805, 'request_id': '2065fa20335a4985b9f7e9b50f1e33ed', 'user_id': 1, 'prediction': 7, 'exit_id': 'after_layer3', 'exit_boundary_id': 14, 'exit_location': 'edge', 'confidence': 0.9537919759750366, 'executed_segments_by_node': {'device': [], 'edge': [0, 1, 2, 3, 4, 5, 6, 7, 8, 9, 10, 11, 12, 13]}, 'nodes': [{'node': 'device', 'executed_segments': [], 'queue_s': 0.0, 'segment_compute_s': 0.0, 'exit_head_compute_s': 0.0, 'exit_check_s': 0.0, 'worker_elapsed_s': 0.00022854999406263232}, {'node': 'edge', 'executed_segments': [0, 1, 2, 3, 4, 5, 6, 7, 8, 9, 10, 11, 12, 13], 'queue_s': 0.001226299998961622, 'segment_compute_s': 0.03962099999989732, 'exit_head_compute_s': 0.0015465999968000688, 'exit_check_s': 0.00026870000147027895, 'worker_elapsed_s': 0.044033599999238504}], 'sample_id': 'balanced_007_0004_00003879', 'label': 7, 'correct': True, 'observed_utility': 0.08405997004592791}",balanced_007_0004_00003879,74,3879,0.18318800599081442,0.006651425996096805,1
0.00025725299201440066,0.07582960000218009,0.07582960000218009,0.11598303501159535,0.00025725299201440066,0.19559713501075748,0.07582960000218009,0.07961409999916214,0.0014740000005986076,0.1961368619959103,0.07626820000223233,0.0,0.0,0.0,0.0,0.9998711347579956,0.11598303501159535,0.00025725299201440066,unknown,0.0,0.000952299997152295,0.0029843000083928928,0.0014740000005986076,0.06504389999463456,"{'device': [], 'edge': [0, 1, 2, 3, 4, 5, 6, 7, 8, 9, 10, 11, 12, 13, 14, 15, 16, 17, 18]}",19,final,edge,True,7,1.0,5.0,1.0,0.1961368619959103,0.019315690020448528,7,ebf076573593426cb91bc7a1f57a85ba,"{'device_compute': 0.00025725299201440066, 'd2e_transport': 0.11598303501159535, 'edge_queue': 0.0014740000005986076, 'edge_segment_compute': 0.06504389999463456, 'edge_exit_head_compute': 0.0029843000083928928, 'edge_exit_check': 0.000952299997152295, 'e2c_transport': 0.0, 'cloud_queue': 0.0, 'cloud_segment_compute': 0.0, 'cloud_exit_head_compute': 0.0, 'cloud_exit_check': 0.0, 'total_latency': 0.1961368619959103, 'unattributed_overhead': 0.009442073991522193, 'request_id': 'ebf076573593426cb91bc7a1f57a85ba', 'user_id': 1, 'prediction': 7, 'exit_id': 'final', 'exit_boundary_id': 19, 'exit_location': 'edge', 'confidence': 0.9998711347579956, 'executed_segments_by_node': {'device': [], 'edge': [0, 1, 2, 3, 4, 5, 6, 7, 8, 9, 10, 11, 12, 13, 14, 15, 16, 17, 18]}, 'nodes': [{'node': 'device', 'executed_segments': [], 'queue_s': 0.0, 'segment_compute_s': 0.0, 'exit_head_compute_s': 0.0, 'exit_check_s': 0.0, 'worker_elapsed_s': 0.00025725299201440066}, {'node': 'edge', 'executed_segments': [0, 1, 2, 3, 4, 5, 6, 7, 8, 9, 10, 11, 12, 13, 14, 15, 16, 17, 18], 'queue_s': 0.0014740000005986076, 'segment_compute_s': 0.06504389999463456, 'exit_head_compute_s': 0.0029843000083928928, 'exit_check_s': 0.000952299997152295, 'worker_elapsed_s': 0.07626820000223233}], 'sample_id': 'balanced_007_0005_00005855', 'label': 7, 'correct': True, 'observed_utility': 0.019315690020448528}",balanced_007_0005_00005855,75,5855,0.1961368619959103,0.009442073991522193,1
0.00023167899053078145,0.06476159999874653,0.06476159999874653,0.11535403699963354,0.00023167899053078145,0.18298893699829932,0.06476159999874653,0.06763489999866579,0.0012540000025182962,0.18334939099440817,0.06482019999748445,0.0,0.0,0.0,0.0,0.997732400894165,0.11535403699963354,0.00023167899053078145,unknown,0.0,0.00042920000487356447,0.0026235999903292395,0.0012540000025182962,0.05667389999507577,"{'device': [], 'edge': [0, 1, 2, 3, 4, 5, 6, 7, 8, 9, 10, 11, 12, 13, 14, 15, 16, 17, 18]}",19,final,edge,True,7,1.0,5.0,1.0,0.18334939099440817,0.08325304502795916,7,d621cbeb04984a878221e1473a783190,"{'device_compute': 0.00023167899053078145, 'd2e_transport': 0.11535403699963354, 'edge_queue': 0.0012540000025182962, 'edge_segment_compute': 0.05667389999507577, 'edge_exit_head_compute': 0.0026235999903292395, 'edge_exit_check': 0.00042920000487356447, 'e2c_transport': 0.0, 'cloud_queue': 0.0, 'cloud_segment_compute': 0.0, 'cloud_exit_head_compute': 0.0, 'cloud_exit_check': 0.0, 'total_latency': 0.18334939099440817, 'unattributed_overhead': 0.006782975011446979, 'request_id': 'd621cbeb04984a878221e1473a783190', 'user_id': 1, 'prediction': 7, 'exit_id': 'final', 'exit_boundary_id': 19, 'exit_location': 'edge', 'confidence': 0.997732400894165, 'executed_segments_by_node': {'device': [], 'edge': [0, 1, 2, 3, 4, 5, 6, 7, 8, 9, 10, 11, 12, 13, 14, 15, 16, 17, 18]}, 'nodes': [{'node': 'device', 'executed_segments': [], 'queue_s': 0.0, 'segment_compute_s': 0.0, 'exit_head_compute_s': 0.0, 'exit_check_s': 0.0, 'worker_elapsed_s': 0.00023167899053078145}, {'node': 'edge', 'executed_segments': [0, 1, 2, 3, 4, 5, 6, 7, 8, 9, 10, 11, 12, 13, 14, 15, 16, 17, 18], 'queue_s': 0.0012540000025182962, 'segment_compute_s': 0.05667389999507577, 'exit_head_compute_s': 0.0026235999903292395, 'exit_check_s': 0.00042920000487356447, 'worker_elapsed_s': 0.06482019999748445}], 'sample_id': 'balanced_007_0006_00006357', 'label': 7, 'correct': True, 'observed_utility': 0.08325304502795916}",balanced_007_0006_00006357,76,6357,0.18334939099440817,0.006782975011446979,1
0.000224938994506374,0.0655960000003688,0.0655960000003688,0.11154220601019915,0.000224938994506374,0.18100650601263624,0.0655960000003688,0.06946430000243708,0.0016223000020545442,0.18135259000700898,0.06565179999961401,0.0,0.0,0.0,0.0,0.9954121708869934,0.11154220601019915,0.000224938994506374,unknown,0.0,0.0009179999979096465,0.004847600001085084,0.0016223000020545442,0.055617899997741915,"{'device': [], 'edge': [0, 1, 2, 3, 4, 5, 6, 7, 8, 9, 10, 11, 12, 13]}",14,after_layer3,edge,True,7,1.0,5.0,1.0,0.18135259000700898,0.09323704996495508,7,ac98d6ac655c4d3c941572d97425a5af,"{'device_compute': 0.000224938994506374, 'd2e_transport': 0.11154220601019915, 'edge_queue': 0.0016223000020545442, 'edge_segment_compute': 0.055617899997741915, 'edge_exit_head_compute': 0.004847600001085084, 'edge_exit_check': 0.0009179999979096465, 'e2c_transport': 0.0, 'cloud_queue': 0.0, 'cloud_segment_compute': 0.0, 'cloud_exit_head_compute': 0.0, 'cloud_exit_check': 0.0, 'total_latency': 0.18135259000700898, 'unattributed_overhead': 0.006579645003512269, 'request_id': 'ac98d6ac655c4d3c941572d97425a5af', 'user_id': 1, 'prediction': 7, 'exit_id': 'after_layer3', 'exit_boundary_id': 14, 'exit_location': 'edge', 'confidence': 0.9954121708869934, 'executed_segments_by_node': {'device': [], 'edge': [0, 1, 2, 3, 4, 5, 6, 7, 8, 9, 10, 11, 12, 13]}, 'nodes': [{'node': 'device', 'executed_segments': [], 'queue_s': 0.0, 'segment_compute_s': 0.0, 'exit_head_compute_s': 0.0, 'exit_check_s': 0.0, 'worker_elapsed_s': 0.000224938994506374}, {'node': 'edge', 'executed_segments': [0, 1, 2, 3, 4, 5, 6, 7, 8, 9, 10, 11, 12, 13], 'queue_s': 0.0016223000020545442, 'segment_compute_s': 0.055617899997741915, 'exit_head_compute_s': 0.004847600001085084, 'exit_check_s': 0.0009179999979096465, 'worker_elapsed_s': 0.06565179999961401}], 'sample_id': 'balanced_007_0007_00007158', 'label': 7, 'correct': True, 'observed_utility': 0.09323704996495508}",balanced_007_0007_00007158,77,7158,0.18135259000700898,0.006579645003512269,1
0.0001457370090065524,0.062496099999407306,0.062496099999407306,0.11991923601090093,0.0001457370090065524,0.18534913600888103,0.062496099999407306,0.0654298999979801,0.0013009000031161122,0.185588574007852,0.06255659999806085,0.0,0.0,0.0,0.0,0.9335264563560486,0.11991923601090093,0.0001457370090065524,unknown,0.0,0.00040550000267103314,0.002905800003645709,0.0013009000031161122,0.055988799987972016,"{'device': [], 'edge': [0, 1, 2, 3, 4, 5, 6, 7, 8, 9, 10, 11, 12, 13]}",14,after_layer3,edge,True,7,1.0,5.0,1.0,0.185588574007852,0.07205712996073999,7,284a94f1c79d4f5a87b55b8e78e2c071,"{'device_compute': 0.0001457370090065524, 'd2e_transport': 0.11991923601090093, 'edge_queue': 0.0013009000031161122, 'edge_segment_compute': 0.055988799987972016, 'edge_exit_head_compute': 0.002905800003645709, 'edge_exit_check': 0.00040550000267103314, 'e2c_transport': 0.0, 'cloud_queue': 0.0, 'cloud_segment_compute': 0.0, 'cloud_exit_head_compute': 0.0, 'cloud_exit_check': 0.0, 'total_latency': 0.185588574007852, 'unattributed_overhead': 0.0049226009905396495, 'request_id': '284a94f1c79d4f5a87b55b8e78e2c071', 'user_id': 1, 'prediction': 7, 'exit_id': 'after_layer3', 'exit_boundary_id': 14, 'exit_location': 'edge', 'confidence': 0.9335264563560486, 'executed_segments_by_node': {'device': [], 'edge': [0, 1, 2, 3, 4, 5, 6, 7, 8, 9, 10, 11, 12, 13]}, 'nodes': [{'node': 'device', 'executed_segments': [], 'queue_s': 0.0, 'segment_compute_s': 0.0, 'exit_head_compute_s': 0.0, 'exit_check_s': 0.0, 'worker_elapsed_s': 0.0001457370090065524}, {'node': 'edge', 'executed_segments': [0, 1, 2, 3, 4, 5, 6, 7, 8, 9, 10, 11, 12, 13], 'queue_s': 0.0013009000031161122, 'segment_compute_s': 0.055988799987972016, 'exit_head_compute_s': 0.002905800003645709, 'exit_check_s': 0.00040550000267103314, 'worker_elapsed_s': 0.06255659999806085}], 'sample_id': 'balanced_007_0008_00009570', 'label': 7, 'correct': True, 'observed_utility': 0.07205712996073999}",balanced_007_0008_00009570,78,9570,0.185588574007852,0.0049226009905396495,1
0.00021779100643470883,0.06560589999935473,0.06560589999935473,0.091096097996342,0.00021779100643470883,0.15994459799549077,0.06560589999935473,0.06884849999914877,0.0016548000021430198,0.160283552002511,0.06568569999944884,0.0,0.0,0.0,0.0,0.8468751311302185,0.091096097996342,0.00021779100643470883,unknown,0.0,0.0004808999983652029,0.0019399999982852023,0.0016548000021430198,0.05964059999678284,"{'device': [], 'edge': [0, 1, 2, 3, 4, 5, 6, 7, 8, 9, 10, 11, 12, 13, 14, 15, 16, 17, 18]}",19,final,edge,True,7,1.0,5.0,1.0,0.160283552002511,0.19858223998744506,7,8152c8ce607647db899c29908dd625af,"{'device_compute': 0.00021779100643470883, 'd2e_transport': 0.091096097996342, 'edge_queue': 0.0016548000021430198, 'edge_segment_compute': 0.05964059999678284, 'edge_exit_head_compute': 0.0019399999982852023, 'edge_exit_check': 0.0004808999983652029, 'e2c_transport': 0.0, 'cloud_queue': 0.0, 'cloud_segment_compute': 0.0, 'cloud_exit_head_compute': 0.0, 'cloud_exit_check': 0.0, 'total_latency': 0.160283552002511, 'unattributed_overhead': 0.005253363004158018, 'request_id': '8152c8ce607647db899c29908dd625af', 'user_id': 1, 'prediction': 7, 'exit_id': 'final', 'exit_boundary_id': 19, 'exit_location': 'edge', 'confidence': 0.8468751311302185, 'executed_segments_by_node': {'device': [], 'edge': [0, 1, 2, 3, 4, 5, 6, 7, 8, 9, 10, 11, 12, 13, 14, 15, 16, 17, 18]}, 'nodes': [{'node': 'device', 'executed_segments': [], 'queue_s': 0.0, 'segment_compute_s': 0.0, 'exit_head_compute_s': 0.0, 'exit_check_s': 0.0, 'worker_elapsed_s': 0.00021779100643470883}, {'node': 'edge', 'executed_segments': [0, 1, 2, 3, 4, 5, 6, 7, 8, 9, 10, 11, 12, 13, 14, 15, 16, 17, 18], 'queue_s': 0.0016548000021430198, 'segment_compute_s': 0.05964059999678284, 'exit_head_compute_s': 0.0019399999982852023, 'exit_check_s': 0.0004808999983652029, 'worker_elapsed_s': 0.06568569999944884}], 'sample_id': 'balanced_007_0009_00009850', 'label': 7, 'correct': True, 'observed_utility': 0.19858223998744506}",balanced_007_0009_00009850,79,9850,0.160283552002511,0.005253363004158018,1
0.00019740199786610901,0.05542690000220318,0.05542690000220318,0.1134813149983529,0.00019740199786610901,0.17293141499976628,0.05542690000220318,0.059450100001413375,0.001986100000067381,0.17327449900039937,0.05547780000051716,0.0,0.0,0.0,0.0,0.9285626411437988,0.1134813149983529,0.00019740199786610901,unknown,0.0,0.00023119999605114572,0.003548399999999674,0.001986100000067381,0.04787130000113393,"{'device': [], 'edge': [0, 1, 2, 3, 4, 5, 6, 7, 8, 9, 10, 11, 12, 13]}",14,after_layer3,edge,True,8,1.0,5.0,1.0,0.17327449900039937,0.13362750499800313,8,0cfe39d7ad844ae0ace9b7a1b5dbb852,"{'device_compute': 0.00019740199786610901, 'd2e_transport': 0.1134813149983529, 'edge_queue': 0.001986100000067381, 'edge_segment_compute': 0.04787130000113393, 'edge_exit_head_compute': 0.003548399999999674, 'edge_exit_check': 0.00023119999605114572, 'e2c_transport': 0.0, 'cloud_queue': 0.0, 'cloud_segment_compute': 0.0, 'cloud_exit_head_compute': 0.0, 'cloud_exit_check': 0.0, 'total_latency': 0.17327449900039937, 'unattributed_overhead': 0.005958782006928232, 'request_id': '0cfe39d7ad844ae0ace9b7a1b5dbb852', 'user_id': 1, 'prediction': 8, 'exit_id': 'after_layer3', 'exit_boundary_id': 14, 'exit_location': 'edge', 'confidence': 0.9285626411437988, 'executed_segments_by_node': {'device': [], 'edge': [0, 1, 2, 3, 4, 5, 6, 7, 8, 9, 10, 11, 12, 13]}, 'nodes': [{'node': 'device', 'executed_segments': [], 'queue_s': 0.0, 'segment_compute_s': 0.0, 'exit_head_compute_s': 0.0, 'exit_check_s': 0.0, 'worker_elapsed_s': 0.00019740199786610901}, {'node': 'edge', 'executed_segments': [0, 1, 2, 3, 4, 5, 6, 7, 8, 9, 10, 11, 12, 13], 'queue_s': 0.001986100000067381, 'segment_compute_s': 0.04787130000113393, 'exit_head_compute_s': 0.003548399999999674, 'exit_check_s': 0.00023119999605114572, 'worker_elapsed_s': 0.05547780000051716}], 'sample_id': 'balanced_008_0000_00000088', 'label': 8, 'correct': True, 'observed_utility': 0.13362750499800313}",balanced_008_0000_00000088,80,88,0.17327449900039937,0.005958782006928232,1
0.000203882998903282,0.041006699997524265,0.041006699997524265,0.1544681590057735,0.000203882998903282,0.19859355900553055,0.041006699997524265,0.044125399999757065,0.0014178000019455794,0.19890967999526765,0.04107519999888609,0.0,0.0,0.0,0.0,0.9828451871871948,0.1544681590057735,0.000203882998903282,unknown,0.0,0.00024869999833754264,0.0020862999990640674,0.0014178000019455794,0.03539160000218544,"{'device': [], 'edge': [0, 1, 2, 3, 4, 5, 6, 7, 8, 9, 10, 11, 12, 13]}",14,after_layer3,edge,True,8,1.0,5.0,1.0,0.19890967999526765,0.00545160002366174,8,51e81bc661bb457e96eb219edcb5d15f,"{'device_compute': 0.000203882998903282, 'd2e_transport': 0.1544681590057735, 'edge_queue': 0.0014178000019455794, 'edge_segment_compute': 0.03539160000218544, 'edge_exit_head_compute': 0.0020862999990640674, 'edge_exit_check': 0.00024869999833754264, 'e2c_transport': 0.0, 'cloud_queue': 0.0, 'cloud_segment_compute': 0.0, 'cloud_exit_head_compute': 0.0, 'cloud_exit_check': 0.0, 'total_latency': 0.19890967999526765, 'unattributed_overhead': 0.005093237989058252, 'request_id': '51e81bc661bb457e96eb219edcb5d15f', 'user_id': 1, 'prediction': 8, 'exit_id': 'after_layer3', 'exit_boundary_id': 14, 'exit_location': 'edge', 'confidence': 0.9828451871871948, 'executed_segments_by_node': {'device': [], 'edge': [0, 1, 2, 3, 4, 5, 6, 7, 8, 9, 10, 11, 12, 13]}, 'nodes': [{'node': 'device', 'executed_segments': [], 'queue_s': 0.0, 'segment_compute_s': 0.0, 'exit_head_compute_s': 0.0, 'exit_check_s': 0.0, 'worker_elapsed_s': 0.000203882998903282}, {'node': 'edge', 'executed_segments': [0, 1, 2, 3, 4, 5, 6, 7, 8, 9, 10, 11, 12, 13], 'queue_s': 0.0014178000019455794, 'segment_compute_s': 0.03539160000218544, 'exit_head_compute_s': 0.0020862999990640674, 'exit_check_s': 0.00024869999833754264, 'worker_elapsed_s': 0.04107519999888609}], 'sample_id': 'balanced_008_0001_00001459', 'label': 8, 'correct': True, 'observed_utility': 0.00545160002366174}",balanced_008_0001_00001459,81,1459,0.19890967999526765,0.005093237989058252,1
0.00023292000696528703,0.04858379999859608,0.04858379999859608,0.1574585259986634,0.00023292000696528703,0.20893192599760368,0.04858379999859608,0.051473399998940295,0.00122900000133086,0.20929099000932183,0.04863949999707984,0.0,0.0,0.0,0.0,0.9986314177513123,0.1574585259986634,0.00023292000696528703,unknown,0.0,0.00033999999504885636,0.0017974999973375816,0.00122900000133086,0.04370130000097561,"{'device': [], 'edge': [0, 1, 2, 3, 4, 5, 6, 7, 8, 9, 10, 11, 12, 13]}",14,after_layer3,edge,True,8,1.0,5.0,1.0,0.20929099000932183,-0.046454950046609156,8,52a6ffab81b14628b435805cf259d629,"{'device_compute': 0.00023292000696528703, 'd2e_transport': 0.1574585259986634, 'edge_queue': 0.00122900000133086, 'edge_segment_compute': 0.04370130000097561, 'edge_exit_head_compute': 0.0017974999973375816, 'edge_exit_check': 0.00033999999504885636, 'e2c_transport': 0.0, 'cloud_queue': 0.0, 'cloud_segment_compute': 0.0, 'cloud_exit_head_compute': 0.0, 'cloud_exit_check': 0.0, 'total_latency': 0.20929099000932183, 'unattributed_overhead': 0.004531744009000249, 'request_id': '52a6ffab81b14628b435805cf259d629', 'user_id': 1, 'prediction': 8, 'exit_id': 'after_layer3', 'exit_boundary_id': 14, 'exit_location': 'edge', 'confidence': 0.9986314177513123, 'executed_segments_by_node': {'device': [], 'edge': [0, 1, 2, 3, 4, 5, 6, 7, 8, 9, 10, 11, 12, 13]}, 'nodes': [{'node': 'device', 'executed_segments': [], 'queue_s': 0.0, 'segment_compute_s': 0.0, 'exit_head_compute_s': 0.0, 'exit_check_s': 0.0, 'worker_elapsed_s': 0.00023292000696528703}, {'node': 'edge', 'executed_segments': [0, 1, 2, 3, 4, 5, 6, 7, 8, 9, 10, 11, 12, 13], 'queue_s': 0.00122900000133086, 'segment_compute_s': 0.04370130000097561, 'exit_head_compute_s': 0.0017974999973375816, 'exit_check_s': 0.00033999999504885636, 'worker_elapsed_s': 0.04863949999707984}], 'sample_id': 'balanced_008_0002_00001866', 'label': 8, 'correct': True, 'observed_utility': -0.046454950046609156}",balanced_008_0002_00001866,82,1866,0.20929099000932183,0.004531744009000249,1
0.00021754999761469662,0.06837049999739975,0.06837049999739975,0.1066715250017296,0.00021754999761469662,0.17792582500260323,0.06837049999739975,0.07125430000087363,0.0015198000000964385,0.17826257599517703,0.06845049999901676,0.0,0.0,0.0,0.0,0.9317298531532288,0.1066715250017296,0.00021754999761469662,unknown,0.0,0.0003074999985983595,0.0022346000041579828,0.0015198000000964385,0.06153209999683895,"{'device': [], 'edge': [0, 1, 2, 3, 4, 5, 6, 7, 8, 9, 10, 11, 12, 13, 14, 15, 16, 17, 18]}",19,final,edge,True,8,1.0,5.0,1.0,0.17826257599517703,0.10868712002411485,8,679c10a85fc048b98db53f2a364ec6bf,"{'device_compute': 0.00021754999761469662, 'd2e_transport': 0.1066715250017296, 'edge_queue': 0.0015198000000964385, 'edge_segment_compute': 0.06153209999683895, 'edge_exit_head_compute': 0.0022346000041579828, 'edge_exit_check': 0.0003074999985983595, 'e2c_transport': 0.0, 'cloud_queue': 0.0, 'cloud_segment_compute': 0.0, 'cloud_exit_head_compute': 0.0, 'cloud_exit_check': 0.0, 'total_latency': 0.17826257599517703, 'unattributed_overhead': 0.005779500996140996, 'request_id': '679c10a85fc048b98db53f2a364ec6bf', 'user_id': 1, 'prediction': 8, 'exit_id': 'final', 'exit_boundary_id': 19, 'exit_location': 'edge', 'confidence': 0.9317298531532288, 'executed_segments_by_node': {'device': [], 'edge': [0, 1, 2, 3, 4, 5, 6, 7, 8, 9, 10, 11, 12, 13, 14, 15, 16, 17, 18]}, 'nodes': [{'node': 'device', 'executed_segments': [], 'queue_s': 0.0, 'segment_compute_s': 0.0, 'exit_head_compute_s': 0.0, 'exit_check_s': 0.0, 'worker_elapsed_s': 0.00021754999761469662}, {'node': 'edge', 'executed_segments': [0, 1, 2, 3, 4, 5, 6, 7, 8, 9, 10, 11, 12, 13, 14, 15, 16, 17, 18], 'queue_s': 0.0015198000000964385, 'segment_compute_s': 0.06153209999683895, 'exit_head_compute_s': 0.0022346000041579828, 'exit_check_s': 0.0003074999985983595, 'worker_elapsed_s': 0.06845049999901676}], 'sample_id': 'balanced_008_0003_00001994', 'label': 8, 'correct': True, 'observed_utility': 0.10868712002411485}",balanced_008_0003_00001994,83,1994,0.17826257599517703,0.005779500996140996,1
0.0002234940038761124,0.043426100000942824,0.043426100000942824,0.11227178899207502,0.0002234940038761124,0.1586933889921056,0.043426100000942824,0.046421600000030594,0.001723699999274686,0.15903650999825913,0.0434979999990901,0.0,0.0,0.0,0.0,0.9862132668495178,0.11227178899207502,0.0002234940038761124,unknown,0.0,0.0003255000010540243,0.0017395000031683594,0.001723699999274686,0.03903300000092713,"{'device': [], 'edge': [0, 1, 2, 3, 4, 5, 6, 7, 8, 9, 10, 11, 12, 13]}",14,after_layer3,edge,True,8,1.0,5.0,1.0,0.15903650999825913,0.20481745000870433,8,7036fca4a408499fb31d1e25e5448a85,"{'device_compute': 0.0002234940038761124, 'd2e_transport': 0.11227178899207502, 'edge_queue': 0.001723699999274686, 'edge_segment_compute': 0.03903300000092713, 'edge_exit_head_compute': 0.0017395000031683594, 'edge_exit_check': 0.0003255000010540243, 'e2c_transport': 0.0, 'cloud_queue': 0.0, 'cloud_segment_compute': 0.0, 'cloud_exit_head_compute': 0.0, 'cloud_exit_check': 0.0, 'total_latency': 0.15903650999825913, 'unattributed_overhead': 0.003719526997883804, 'request_id': '7036fca4a408499fb31d1e25e5448a85', 'user_id': 1, 'prediction': 8, 'exit_id': 'after_layer3', 'exit_boundary_id': 14, 'exit_location': 'edge', 'confidence': 0.9862132668495178, 'executed_segments_by_node': {'device': [], 'edge': [0, 1, 2, 3, 4, 5, 6, 7, 8, 9, 10, 11, 12, 13]}, 'nodes': [{'node': 'device', 'executed_segments': [], 'queue_s': 0.0, 'segment_compute_s': 0.0, 'exit_head_compute_s': 0.0, 'exit_check_s': 0.0, 'worker_elapsed_s': 0.0002234940038761124}, {'node': 'edge', 'executed_segments': [0, 1, 2, 3, 4, 5, 6, 7, 8, 9, 10, 11, 12, 13], 'queue_s': 0.001723699999274686, 'segment_compute_s': 0.03903300000092713, 'exit_head_compute_s': 0.0017395000031683594, 'exit_check_s': 0.0003255000010540243, 'worker_elapsed_s': 0.0434979999990901}], 'sample_id': 'balanced_008_0004_00002437', 'label': 8, 'correct': True, 'observed_utility': 0.20481745000870433}",balanced_008_0004_00002437,84,2437,0.15903650999825913,0.003719526997883804,1
0.00021692000154871494,0.05204729999968549,0.05204729999968549,0.12253651999708381,0.00021692000154871494,0.17784191999817267,0.05204729999968549,0.055305400001088856,0.001843999998527579,0.17817537400696892,0.05209870000180672,0.0,0.0,0.0,0.0,0.9986175298690796,0.12253651999708381,0.00021692000154871494,unknown,0.0,0.00021049999850220047,0.002775700002530357,0.001843999998527579,0.04333039999619359,"{'device': [], 'edge': [0, 1, 2, 3, 4, 5, 6, 7, 8, 9, 10, 11, 12, 13]}",14,after_layer3,edge,True,8,1.0,5.0,1.0,0.17817537400696892,0.10912312996515539,8,af64375792224c578cde9ceb62e6850f,"{'device_compute': 0.00021692000154871494, 'd2e_transport': 0.12253651999708381, 'edge_queue': 0.001843999998527579, 'edge_segment_compute': 0.04333039999619359, 'edge_exit_head_compute': 0.002775700002530357, 'edge_exit_check': 0.00021049999850220047, 'e2c_transport': 0.0, 'cloud_queue': 0.0, 'cloud_segment_compute': 0.0, 'cloud_exit_head_compute': 0.0, 'cloud_exit_check': 0.0, 'total_latency': 0.17817537400696892, 'unattributed_overhead': 0.007261334012582665, 'request_id': 'af64375792224c578cde9ceb62e6850f', 'user_id': 1, 'prediction': 8, 'exit_id': 'after_layer3', 'exit_boundary_id': 14, 'exit_location': 'edge', 'confidence': 0.9986175298690796, 'executed_segments_by_node': {'device': [], 'edge': [0, 1, 2, 3, 4, 5, 6, 7, 8, 9, 10, 11, 12, 13]}, 'nodes': [{'node': 'device', 'executed_segments': [], 'queue_s': 0.0, 'segment_compute_s': 0.0, 'exit_head_compute_s': 0.0, 'exit_check_s': 0.0, 'worker_elapsed_s': 0.00021692000154871494}, {'node': 'edge', 'executed_segments': [0, 1, 2, 3, 4, 5, 6, 7, 8, 9, 10, 11, 12, 13], 'queue_s': 0.001843999998527579, 'segment_compute_s': 0.04333039999619359, 'exit_head_compute_s': 0.002775700002530357, 'exit_check_s': 0.00021049999850220047, 'worker_elapsed_s': 0.05209870000180672}], 'sample_id': 'balanced_008_0005_00004444', 'label': 8, 'correct': True, 'observed_utility': 0.10912312996515539}",balanced_008_0005_00004444,85,4444,0.17817537400696892,0.007261334012582665,1
0.00021923499298281968,0.06040669999856618,0.06040669999856618,0.1449901329979184,0.00021923499298281968,0.20805113299866207,0.06040669999856618,0.06306100000074366,0.0013360000011743978,0.20838629099307582,0.06046480000077281,0.0,0.0,0.0,0.0,0.9991766810417175,0.1449901329979184,0.00021923499298281968,unknown,0.0,0.0003190000024915207,0.001306599999225,0.0013360000011743978,0.054545899998629466,"{'device': [], 'edge': [0, 1, 2, 3, 4, 5, 6, 7, 8, 9, 10, 11, 12, 13, 14, 15, 16, 17, 18]}",19,final,edge,True,8,1.0,5.0,1.0,0.20838629099307582,-0.04193145496537909,8,96a2e80de8a446cd92e4f28c8110d255,"{'device_compute': 0.00021923499298281968, 'd2e_transport': 0.1449901329979184, 'edge_queue': 0.0013360000011743978, 'edge_segment_compute': 0.054545899998629466, 'edge_exit_head_compute': 0.001306599999225, 'edge_exit_check': 0.0003190000024915207, 'e2c_transport': 0.0, 'cloud_queue': 0.0, 'cloud_segment_compute': 0.0, 'cloud_exit_head_compute': 0.0, 'cloud_exit_check': 0.0, 'total_latency': 0.20838629099307582, 'unattributed_overhead': 0.005669423000654206, 'request_id': '96a2e80de8a446cd92e4f28c8110d255', 'user_id': 1, 'prediction': 8, 'exit_id': 'final', 'exit_boundary_id': 19, 'exit_location': 'edge', 'confidence': 0.9991766810417175, 'executed_segments_by_node': {'device': [], 'edge': [0, 1, 2, 3, 4, 5, 6, 7, 8, 9, 10, 11, 12, 13, 14, 15, 16, 17, 18]}, 'nodes': [{'node': 'device', 'executed_segments': [], 'queue_s': 0.0, 'segment_compute_s': 0.0, 'exit_head_compute_s': 0.0, 'exit_check_s': 0.0, 'worker_elapsed_s': 0.00021923499298281968}, {'node': 'edge', 'executed_segments': [0, 1, 2, 3, 4, 5, 6, 7, 8, 9, 10, 11, 12, 13, 14, 15, 16, 17, 18], 'queue_s': 0.0013360000011743978, 'segment_compute_s': 0.054545899998629466, 'exit_head_compute_s': 0.001306599999225, 'exit_check_s': 0.0003190000024915207, 'worker_elapsed_s': 0.06046480000077281}], 'sample_id': 'balanced_008_0006_00005990', 'label': 8, 'correct': True, 'observed_utility': -0.04193145496537909}",balanced_008_0006_00005990,86,5990,0.20838629099307582,0.005669423000654206,1
0.00019510601123329252,0.06599199999982375,0.06599199999982375,0.12246535899612354,0.00019510601123329252,0.19132255899603479,0.06599199999982375,0.06885719999991124,0.0013099999996484257,0.191627532010898,0.06606610000017099,0.0,0.0,0.0,0.0,0.9993988275527954,0.12246535899612354,0.00019510601123329252,unknown,0.0,0.0004231000020809006,0.0018538999975135084,0.0013099999996484257,0.05891940000583418,"{'device': [], 'edge': [0, 1, 2, 3, 4, 5, 6, 7, 8, 9, 10, 11, 12, 13, 14, 15, 16, 17, 18]}",19,final,edge,True,8,1.0,5.0,1.0,0.191627532010898,0.04186233994551003,8,5a50e00fbe5c4ec5b07ca847eecfd535,"{'device_compute': 0.00019510601123329252, 'd2e_transport': 0.12246535899612354, 'edge_queue': 0.0013099999996484257, 'edge_segment_compute': 0.05891940000583418, 'edge_exit_head_compute': 0.0018538999975135084, 'edge_exit_check': 0.0004231000020809006, 'e2c_transport': 0.0, 'cloud_queue': 0.0, 'cloud_segment_compute': 0.0, 'cloud_exit_head_compute': 0.0, 'cloud_exit_check': 0.0, 'total_latency': 0.191627532010898, 'unattributed_overhead': 0.0064606669984641485, 'request_id': '5a50e00fbe5c4ec5b07ca847eecfd535', 'user_id': 1, 'prediction': 8, 'exit_id': 'final', 'exit_boundary_id': 19, 'exit_location': 'edge', 'confidence': 0.9993988275527954, 'executed_segments_by_node': {'device': [], 'edge': [0, 1, 2, 3, 4, 5, 6, 7, 8, 9, 10, 11, 12, 13, 14, 15, 16, 17, 18]}, 'nodes': [{'node': 'device', 'executed_segments': [], 'queue_s': 0.0, 'segment_compute_s': 0.0, 'exit_head_compute_s': 0.0, 'exit_check_s': 0.0, 'worker_elapsed_s': 0.00019510601123329252}, {'node': 'edge', 'executed_segments': [0, 1, 2, 3, 4, 5, 6, 7, 8, 9, 10, 11, 12, 13, 14, 15, 16, 17, 18], 'queue_s': 0.0013099999996484257, 'segment_compute_s': 0.05891940000583418, 'exit_head_compute_s': 0.0018538999975135084, 'exit_check_s': 0.0004231000020809006, 'worker_elapsed_s': 0.06606610000017099}], 'sample_id': 'balanced_008_0007_00006466', 'label': 8, 'correct': True, 'observed_utility': 0.04186233994551003}",balanced_008_0007_00006466,87,6466,0.191627532010898,0.0064606669984641485,1
0.00021973499679006636,0.04501420000087819,0.04501420000087819,0.1750092059992312,0.00021973499679006636,0.2233757060021162,0.04501420000087819,0.048366500002885005,0.0016663000023982022,0.22372140099469107,0.045087999998941086,0.0,0.0,0.0,0.0,0.9575377106666565,0.1750092059992312,0.00021973499679006636,unknown,0.0,0.00026059999800054356,0.0022692000020470005,0.0016663000023982022,0.039279000000533415,"{'device': [], 'edge': [0, 1, 2, 3, 4, 5, 6, 7, 8, 9, 10, 11, 12, 13]}",14,after_layer3,edge,True,8,1.0,5.0,1.0,0.22372140099469107,-0.11860700497345533,8,4ed642028437419e80c921c6c50a456e,"{'device_compute': 0.00021973499679006636, 'd2e_transport': 0.1750092059992312, 'edge_queue': 0.0016663000023982022, 'edge_segment_compute': 0.039279000000533415, 'edge_exit_head_compute': 0.0022692000020470005, 'edge_exit_check': 0.00026059999800054356, 'e2c_transport': 0.0, 'cloud_queue': 0.0, 'cloud_segment_compute': 0.0, 'cloud_exit_head_compute': 0.0, 'cloud_exit_check': 0.0, 'total_latency': 0.22372140099469107, 'unattributed_overhead': 0.00501735999569064, 'request_id': '4ed642028437419e80c921c6c50a456e', 'user_id': 1, 'prediction': 8, 'exit_id': 'after_layer3', 'exit_boundary_id': 14, 'exit_location': 'edge', 'confidence': 0.9575377106666565, 'executed_segments_by_node': {'device': [], 'edge': [0, 1, 2, 3, 4, 5, 6, 7, 8, 9, 10, 11, 12, 13]}, 'nodes': [{'node': 'device', 'executed_segments': [], 'queue_s': 0.0, 'segment_compute_s': 0.0, 'exit_head_compute_s': 0.0, 'exit_check_s': 0.0, 'worker_elapsed_s': 0.00021973499679006636}, {'node': 'edge', 'executed_segments': [0, 1, 2, 3, 4, 5, 6, 7, 8, 9, 10, 11, 12, 13], 'queue_s': 0.0016663000023982022, 'segment_compute_s': 0.039279000000533415, 'exit_head_compute_s': 0.0022692000020470005, 'exit_check_s': 0.00026059999800054356, 'worker_elapsed_s': 0.045087999998941086}], 'sample_id': 'balanced_008_0008_00008393', 'label': 8, 'correct': True, 'observed_utility': -0.11860700497345533}",balanced_008_0008_00008393,88,8393,0.22372140099469107,0.00501735999569064,1
0.00024330800806637853,0.043950899998890236,0.043950899998890236,0.12976727201021276,0.00024330800806637853,0.17669767201005016,0.043950899998890236,0.04693039999983739,0.0014687999973830301,0.17707340201013722,0.04402980000304524,0.0,0.0,0.0,0.0,0.940896213054657,0.12976727201021276,0.00024330800806637853,unknown,0.0,0.0002117000003636349,0.0016932000035012607,0.0014687999973830301,0.04056519999721786,"{'device': [], 'edge': [0, 1, 2, 3, 4, 5, 6, 7, 8, 9, 10, 11, 12, 13]}",14,after_layer3,edge,True,8,1.0,5.0,1.0,0.17707340201013722,0.11463298994931392,8,202b5680e8914f83b52cdd2a0e0e130c,"{'device_compute': 0.00024330800806637853, 'd2e_transport': 0.12976727201021276, 'edge_queue': 0.0014687999973830301, 'edge_segment_compute': 0.04056519999721786, 'edge_exit_head_compute': 0.0016932000035012607, 'edge_exit_check': 0.0002117000003636349, 'e2c_transport': 0.0, 'cloud_queue': 0.0, 'cloud_segment_compute': 0.0, 'cloud_exit_head_compute': 0.0, 'cloud_exit_check': 0.0, 'total_latency': 0.17707340201013722, 'unattributed_overhead': 0.003123921993392287, 'request_id': '202b5680e8914f83b52cdd2a0e0e130c', 'user_id': 1, 'prediction': 8, 'exit_id': 'after_layer3', 'exit_boundary_id': 14, 'exit_location': 'edge', 'confidence': 0.940896213054657, 'executed_segments_by_node': {'device': [], 'edge': [0, 1, 2, 3, 4, 5, 6, 7, 8, 9, 10, 11, 12, 13]}, 'nodes': [{'node': 'device', 'executed_segments': [], 'queue_s': 0.0, 'segment_compute_s': 0.0, 'exit_head_compute_s': 0.0, 'exit_check_s': 0.0, 'worker_elapsed_s': 0.00024330800806637853}, {'node': 'edge', 'executed_segments': [0, 1, 2, 3, 4, 5, 6, 7, 8, 9, 10, 11, 12, 13], 'queue_s': 0.0014687999973830301, 'segment_compute_s': 0.04056519999721786, 'exit_head_compute_s': 0.0016932000035012607, 'exit_check_s': 0.0002117000003636349, 'worker_elapsed_s': 0.04402980000304524}], 'sample_id': 'balanced_008_0009_00008608', 'label': 8, 'correct': True, 'observed_utility': 0.11463298994931392}",balanced_008_0009_00008608,89,8608,0.17707340201013722,0.003123921993392287,1
0.00025434501003473997,0.026124899999558693,0.026124899999558693,0.13122316600129125,0.00025434501003473997,0.1598687660007272,0.026124899999558693,0.028645599999435944,0.0011713000021700282,0.16026246000546962,0.026198999999905936,0.0,0.0,0.0,0.0,0.9794290661811829,0.13122316600129125,0.00025434501003473997,unknown,0.0,0.0003552000016497914,0.0021909999995841645,0.0011713000021700282,0.021602400000119815,"{'device': [], 'edge': [0, 1, 2, 3, 4, 5, 6, 7]}",8,after_layer2,edge,True,9,1.0,5.0,1.0,0.16026246000546962,0.1986876999726519,9,6e32b59abb5d4b2fafc752202900849c,"{'device_compute': 0.00025434501003473997, 'd2e_transport': 0.13122316600129125, 'edge_queue': 0.0011713000021700282, 'edge_segment_compute': 0.021602400000119815, 'edge_exit_head_compute': 0.0021909999995841645, 'edge_exit_check': 0.0003552000016497914, 'e2c_transport': 0.0, 'cloud_queue': 0.0, 'cloud_segment_compute': 0.0, 'cloud_exit_head_compute': 0.0, 'cloud_exit_check': 0.0, 'total_latency': 0.16026246000546962, 'unattributed_overhead': 0.0034650489906198345, 'request_id': '6e32b59abb5d4b2fafc752202900849c', 'user_id': 1, 'prediction': 9, 'exit_id': 'after_layer2', 'exit_boundary_id': 8, 'exit_location': 'edge', 'confidence': 0.9794290661811829, 'executed_segments_by_node': {'device': [], 'edge': [0, 1, 2, 3, 4, 5, 6, 7]}, 'nodes': [{'node': 'device', 'executed_segments': [], 'queue_s': 0.0, 'segment_compute_s': 0.0, 'exit_head_compute_s': 0.0, 'exit_check_s': 0.0, 'worker_elapsed_s': 0.00025434501003473997}, {'node': 'edge', 'executed_segments': [0, 1, 2, 3, 4, 5, 6, 7], 'queue_s': 0.0011713000021700282, 'segment_compute_s': 0.021602400000119815, 'exit_head_compute_s': 0.0021909999995841645, 'exit_check_s': 0.0003552000016497914, 'worker_elapsed_s': 0.026198999999905936}], 'sample_id': 'balanced_009_0000_00001359', 'label': 9, 'correct': True, 'observed_utility': 0.1986876999726519}",balanced_009_0000_00001359,90,1359,0.16026246000546962,0.0034650489906198345,1
0.0002153469977201894,0.04826310000134981,0.04826310000134981,0.1807903149892809,0.0002153469977201894,0.2319249149877578,0.04826310000134981,0.051134599998476915,0.0013727000005019363,0.2322593509888975,0.04833659999712836,0.0,0.0,0.0,0.0,0.9980071187019348,0.1807903149892809,0.0002153469977201894,unknown,0.0,0.0002362000013818033,0.0031788999986019917,0.0013727000005019363,0.04125769999518525,"{'device': [], 'edge': [0, 1, 2, 3, 4, 5, 6, 7, 8, 9, 10, 11, 12, 13]}",14,after_layer3,edge,True,9,1.0,5.0,1.0,0.2322593509888975,-0.16129675494448747,9,39176f783eca4f6fbb7fbd99be573490,"{'device_compute': 0.0002153469977201894, 'd2e_transport': 0.1807903149892809, 'edge_queue': 0.0013727000005019363, 'edge_segment_compute': 0.04125769999518525, 'edge_exit_head_compute': 0.0031788999986019917, 'edge_exit_check': 0.0002362000013818033, 'e2c_transport': 0.0, 'cloud_queue': 0.0, 'cloud_segment_compute': 0.0, 'cloud_exit_head_compute': 0.0, 'cloud_exit_check': 0.0, 'total_latency': 0.2322593509888975, 'unattributed_overhead': 0.005208189006225439, 'request_id': '39176f783eca4f6fbb7fbd99be573490', 'user_id': 1, 'prediction': 9, 'exit_id': 'after_layer3', 'exit_boundary_id': 14, 'exit_location': 'edge', 'confidence': 0.9980071187019348, 'executed_segments_by_node': {'device': [], 'edge': [0, 1, 2, 3, 4, 5, 6, 7, 8, 9, 10, 11, 12, 13]}, 'nodes': [{'node': 'device', 'executed_segments': [], 'queue_s': 0.0, 'segment_compute_s': 0.0, 'exit_head_compute_s': 0.0, 'exit_check_s': 0.0, 'worker_elapsed_s': 0.0002153469977201894}, {'node': 'edge', 'executed_segments': [0, 1, 2, 3, 4, 5, 6, 7, 8, 9, 10, 11, 12, 13], 'queue_s': 0.0013727000005019363, 'segment_compute_s': 0.04125769999518525, 'exit_head_compute_s': 0.0031788999986019917, 'exit_check_s': 0.0002362000013818033, 'worker_elapsed_s': 0.04833659999712836}], 'sample_id': 'balanced_009_0001_00001387', 'label': 9, 'correct': True, 'observed_utility': -0.16129675494448747}",balanced_009_0001_00001387,91,1387,0.2322593509888975,0.005208189006225439,1
0.00026319701282773167,0.036944400002539624,0.036944400002539624,0.13429991400334984,0.00026319701282773167,0.17401031400368083,0.036944400002539624,0.03971040000033099,0.0012150000002293382,0.17439147100958508,0.03699910000068485,0.0,0.0,0.0,0.0,0.8460895419120789,0.13429991400334984,0.00026319701282773167,unknown,0.0,0.0002023999986704439,0.0018237000003864523,0.0012150000002293382,0.03249409999625641,"{'device': [], 'edge': [0, 1, 2, 3, 4, 5, 6, 7, 8, 9, 10, 11, 12, 13]}",14,after_layer3,edge,True,9,1.0,5.0,1.0,0.17439147100958508,0.12804264495207462,9,4f56dae4c2da4cb1be1424d7ba691f15,"{'device_compute': 0.00026319701282773167, 'd2e_transport': 0.13429991400334984, 'edge_queue': 0.0012150000002293382, 'edge_segment_compute': 0.03249409999625641, 'edge_exit_head_compute': 0.0018237000003864523, 'edge_exit_check': 0.0002023999986704439, 'e2c_transport': 0.0, 'cloud_queue': 0.0, 'cloud_segment_compute': 0.0, 'cloud_exit_head_compute': 0.0, 'cloud_exit_check': 0.0, 'total_latency': 0.17439147100958508, 'unattributed_overhead': 0.004093159997864859, 'request_id': '4f56dae4c2da4cb1be1424d7ba691f15', 'user_id': 1, 'prediction': 9, 'exit_id': 'after_layer3', 'exit_boundary_id': 14, 'exit_location': 'edge', 'confidence': 0.8460895419120789, 'executed_segments_by_node': {'device': [], 'edge': [0, 1, 2, 3, 4, 5, 6, 7, 8, 9, 10, 11, 12, 13]}, 'nodes': [{'node': 'device', 'executed_segments': [], 'queue_s': 0.0, 'segment_compute_s': 0.0, 'exit_head_compute_s': 0.0, 'exit_check_s': 0.0, 'worker_elapsed_s': 0.00026319701282773167}, {'node': 'edge', 'executed_segments': [0, 1, 2, 3, 4, 5, 6, 7, 8, 9, 10, 11, 12, 13], 'queue_s': 0.0012150000002293382, 'segment_compute_s': 0.03249409999625641, 'exit_head_compute_s': 0.0018237000003864523, 'exit_check_s': 0.0002023999986704439, 'worker_elapsed_s': 0.03699910000068485}], 'sample_id': 'balanced_009_0002_00001916', 'label': 9, 'correct': True, 'observed_utility': 0.12804264495207462}",balanced_009_0002_00001916,92,1916,0.17439147100958508,0.004093159997864859,1
0.00020480899547692388,0.04158649999953923,0.04158649999953923,0.2053996790018573,0.00020480899547692388,0.250218079003389,0.04158649999953923,0.0448184000015317,0.0015591000010317657,0.25053881100029685,0.0416588000007323,0.0,0.0,0.0,0.0,0.9938147068023682,0.2053996790018573,0.00020480899547692388,unknown,0.0,0.0002911000010499265,0.001866300000983756,0.0015591000010317657,0.037011700002040016,"{'device': [], 'edge': [0, 1, 2, 3, 4, 5, 6, 7, 8, 9, 10, 11, 12, 13]}",14,after_layer3,edge,True,9,1.0,5.0,1.0,0.25053881100029685,-0.25269405500148423,9,89db7fda55dc4ce19c6fd438d85955e4,"{'device_compute': 0.00020480899547692388, 'd2e_transport': 0.2053996790018573, 'edge_queue': 0.0015591000010317657, 'edge_segment_compute': 0.037011700002040016, 'edge_exit_head_compute': 0.001866300000983756, 'edge_exit_check': 0.0002911000010499265, 'e2c_transport': 0.0, 'cloud_queue': 0.0, 'cloud_segment_compute': 0.0, 'cloud_exit_head_compute': 0.0, 'cloud_exit_check': 0.0, 'total_latency': 0.25053881100029685, 'unattributed_overhead': 0.004206122997857165, 'request_id': '89db7fda55dc4ce19c6fd438d85955e4', 'user_id': 1, 'prediction': 9, 'exit_id': 'after_layer3', 'exit_boundary_id': 14, 'exit_location': 'edge', 'confidence': 0.9938147068023682, 'executed_segments_by_node': {'device': [], 'edge': [0, 1, 2, 3, 4, 5, 6, 7, 8, 9, 10, 11, 12, 13]}, 'nodes': [{'node': 'device', 'executed_segments': [], 'queue_s': 0.0, 'segment_compute_s': 0.0, 'exit_head_compute_s': 0.0, 'exit_check_s': 0.0, 'worker_elapsed_s': 0.00020480899547692388}, {'node': 'edge', 'executed_segments': [0, 1, 2, 3, 4, 5, 6, 7, 8, 9, 10, 11, 12, 13], 'queue_s': 0.0015591000010317657, 'segment_compute_s': 0.037011700002040016, 'exit_head_compute_s': 0.001866300000983756, 'exit_check_s': 0.0002911000010499265, 'worker_elapsed_s': 0.0416588000007323}], 'sample_id': 'balanced_009_0003_00004297', 'label': 9, 'correct': True, 'observed_utility': -0.25269405500148423}",balanced_009_0003_00004297,93,4297,0.25053881100029685,0.004206122997857165,1
0.00022947600518818945,0.07169050000084098,0.07169050000084098,0.22808892600733088,0.00022947600518818945,0.30311882600653917,0.07169050000084098,0.07502989999920828,0.0014234999980544671,0.3034726500045508,0.07176360000084969,0.0,0.0,0.0,0.0,0.9983964562416077,0.22808892600733088,0.00022947600518818945,unknown,0.0,0.00027039999986300245,0.002323099997738609,0.0014234999980544671,0.06407430000399472,"{'device': [], 'edge': [0, 1, 2, 3, 4, 5, 6, 7, 8, 9, 10, 11, 12, 13, 14, 15, 16, 17, 18]}",19,final,edge,True,9,1.0,5.0,1.0,0.3034726500045508,-0.5173632500227541,9,799afde17aff4a4da10c7759dc73c2bd,"{'device_compute': 0.00022947600518818945, 'd2e_transport': 0.22808892600733088, 'edge_queue': 0.0014234999980544671, 'edge_segment_compute': 0.06407430000399472, 'edge_exit_head_compute': 0.002323099997738609, 'edge_exit_check': 0.00027039999986300245, 'e2c_transport': 0.0, 'cloud_queue': 0.0, 'cloud_segment_compute': 0.0, 'cloud_exit_head_compute': 0.0, 'cloud_exit_check': 0.0, 'total_latency': 0.3034726500045508, 'unattributed_overhead': 0.007062947992380941, 'request_id': '799afde17aff4a4da10c7759dc73c2bd', 'user_id': 1, 'prediction': 9, 'exit_id': 'final', 'exit_boundary_id': 19, 'exit_location': 'edge', 'confidence': 0.9983964562416077, 'executed_segments_by_node': {'device': [], 'edge': [0, 1, 2, 3, 4, 5, 6, 7, 8, 9, 10, 11, 12, 13, 14, 15, 16, 17, 18]}, 'nodes': [{'node': 'device', 'executed_segments': [], 'queue_s': 0.0, 'segment_compute_s': 0.0, 'exit_head_compute_s': 0.0, 'exit_check_s': 0.0, 'worker_elapsed_s': 0.00022947600518818945}, {'node': 'edge', 'executed_segments': [0, 1, 2, 3, 4, 5, 6, 7, 8, 9, 10, 11, 12, 13, 14, 15, 16, 17, 18], 'queue_s': 0.0014234999980544671, 'segment_compute_s': 0.06407430000399472, 'exit_head_compute_s': 0.002323099997738609, 'exit_check_s': 0.00027039999986300245, 'worker_elapsed_s': 0.07176360000084969}], 'sample_id': 'balanced_009_0004_00004779', 'label': 9, 'correct': True, 'observed_utility': -0.5173632500227541}",balanced_009_0004_00004779,94,4779,0.3034726500045508,0.007062947992380941,1
0.00021786500292364508,0.04971789999763132,0.04971789999763132,0.1915024049958447,0.00021786500292364508,0.24425030499696732,0.04971789999763132,0.052747900001122616,0.0016001000003598165,0.2445875739940675,0.049789299999247305,0.0,0.0,0.0,0.0,0.9834234714508057,0.1915024049958447,0.00021786500292364508,unknown,0.0,0.0002347999979974702,0.0023830999998608604,0.0016001000003598165,0.04397709998738719,"{'device': [], 'edge': [0, 1, 2, 3, 4, 5, 6, 7, 8, 9, 10, 11, 12, 13]}",14,after_layer3,edge,True,9,1.0,5.0,1.0,0.2445875739940675,-0.2229378699703375,9,e78f09060b4448cdb36f72743523da78,"{'device_compute': 0.00021786500292364508, 'd2e_transport': 0.1915024049958447, 'edge_queue': 0.0016001000003598165, 'edge_segment_compute': 0.04397709998738719, 'edge_exit_head_compute': 0.0023830999998608604, 'edge_exit_check': 0.0002347999979974702, 'e2c_transport': 0.0, 'cloud_queue': 0.0, 'cloud_segment_compute': 0.0, 'cloud_exit_head_compute': 0.0, 'cloud_exit_check': 0.0, 'total_latency': 0.2445875739940675, 'unattributed_overhead': 0.0046722040096938144, 'request_id': 'e78f09060b4448cdb36f72743523da78', 'user_id': 1, 'prediction': 9, 'exit_id': 'after_layer3', 'exit_boundary_id': 14, 'exit_location': 'edge', 'confidence': 0.9834234714508057, 'executed_segments_by_node': {'device': [], 'edge': [0, 1, 2, 3, 4, 5, 6, 7, 8, 9, 10, 11, 12, 13]}, 'nodes': [{'node': 'device', 'executed_segments': [], 'queue_s': 0.0, 'segment_compute_s': 0.0, 'exit_head_compute_s': 0.0, 'exit_check_s': 0.0, 'worker_elapsed_s': 0.00021786500292364508}, {'node': 'edge', 'executed_segments': [0, 1, 2, 3, 4, 5, 6, 7, 8, 9, 10, 11, 12, 13], 'queue_s': 0.0016001000003598165, 'segment_compute_s': 0.04397709998738719, 'exit_head_compute_s': 0.0023830999998608604, 'exit_check_s': 0.0002347999979974702, 'worker_elapsed_s': 0.049789299999247305}], 'sample_id': 'balanced_009_0005_00006198', 'label': 9, 'correct': True, 'observed_utility': -0.2229378699703375}",balanced_009_0005_00006198,95,6198,0.2445875739940675,0.0046722040096938144,1
0.00027906701143365353,0.04451410000183387,0.04451410000183387,0.1838353530074528,0.00027906701143365353,0.23171225300757214,0.04451410000183387,0.04787690000011935,0.001789200003258884,0.23211442900355905,0.04458599999998114,0.0,0.0,0.0,0.0,0.9719187021255493,0.1838353530074528,0.00027906701143365353,unknown,0.0,0.0002713000030780677,0.0029647999981534667,0.001789200003258884,0.03844519999620388,"{'device': [], 'edge': [0, 1, 2, 3, 4, 5, 6, 7, 8, 9, 10, 11, 12, 13]}",14,after_layer3,edge,True,9,1.0,5.0,1.0,0.23211442900355905,-0.16057214501779526,9,21091818b6a3427f9d6fe6df26827ec5,"{'device_compute': 0.00027906701143365353, 'd2e_transport': 0.1838353530074528, 'edge_queue': 0.001789200003258884, 'edge_segment_compute': 0.03844519999620388, 'edge_exit_head_compute': 0.0029647999981534667, 'edge_exit_check': 0.0002713000030780677, 'e2c_transport': 0.0, 'cloud_queue': 0.0, 'cloud_segment_compute': 0.0, 'cloud_exit_head_compute': 0.0, 'cloud_exit_check': 0.0, 'total_latency': 0.23211442900355905, 'unattributed_overhead': 0.004529508983978303, 'request_id': '21091818b6a3427f9d6fe6df26827ec5', 'user_id': 1, 'prediction': 9, 'exit_id': 'after_layer3', 'exit_boundary_id': 14, 'exit_location': 'edge', 'confidence': 0.9719187021255493, 'executed_segments_by_node': {'device': [], 'edge': [0, 1, 2, 3, 4, 5, 6, 7, 8, 9, 10, 11, 12, 13]}, 'nodes': [{'node': 'device', 'executed_segments': [], 'queue_s': 0.0, 'segment_compute_s': 0.0, 'exit_head_compute_s': 0.0, 'exit_check_s': 0.0, 'worker_elapsed_s': 0.00027906701143365353}, {'node': 'edge', 'executed_segments': [0, 1, 2, 3, 4, 5, 6, 7, 8, 9, 10, 11, 12, 13], 'queue_s': 0.001789200003258884, 'segment_compute_s': 0.03844519999620388, 'exit_head_compute_s': 0.0029647999981534667, 'exit_check_s': 0.0002713000030780677, 'worker_elapsed_s': 0.04458599999998114}], 'sample_id': 'balanced_009_0006_00007639', 'label': 9, 'correct': True, 'observed_utility': -0.16057214501779526}",balanced_009_0006_00007639,96,7639,0.23211442900355905,0.004529508983978303,1
0.00022416100546251982,0.05075659999783966,0.05075659999783966,0.12859676399239106,0.00022416100546251982,0.1835316639917437,0.05075659999783966,0.05493489999935264,0.001333599997451529,0.18387526700098533,0.05083360000207904,0.0,0.0,0.0,0.0,0.9241865873336792,0.12859676399239106,0.00022416100546251982,unknown,0.0,0.0002590000003692694,0.0021988999978930224,0.001333599997451529,0.04531029999634484,"{'device': [], 'edge': [0, 1, 2, 3, 4, 5, 6, 7, 8, 9, 10, 11, 12, 13]}",14,after_layer3,edge,True,9,1.0,5.0,1.0,0.18387526700098533,0.08062366499507334,9,3386865394664d85b0418680c0496f18,"{'device_compute': 0.00022416100546251982, 'd2e_transport': 0.12859676399239106, 'edge_queue': 0.001333599997451529, 'edge_segment_compute': 0.04531029999634484, 'edge_exit_head_compute': 0.0021988999978930224, 'edge_exit_check': 0.0002590000003692694, 'e2c_transport': 0.0, 'cloud_queue': 0.0, 'cloud_segment_compute': 0.0, 'cloud_exit_head_compute': 0.0, 'cloud_exit_check': 0.0, 'total_latency': 0.18387526700098533, 'unattributed_overhead': 0.005952542011073092, 'request_id': '3386865394664d85b0418680c0496f18', 'user_id': 1, 'prediction': 9, 'exit_id': 'after_layer3', 'exit_boundary_id': 14, 'exit_location': 'edge', 'confidence': 0.9241865873336792, 'executed_segments_by_node': {'device': [], 'edge': [0, 1, 2, 3, 4, 5, 6, 7, 8, 9, 10, 11, 12, 13]}, 'nodes': [{'node': 'device', 'executed_segments': [], 'queue_s': 0.0, 'segment_compute_s': 0.0, 'exit_head_compute_s': 0.0, 'exit_check_s': 0.0, 'worker_elapsed_s': 0.00022416100546251982}, {'node': 'edge', 'executed_segments': [0, 1, 2, 3, 4, 5, 6, 7, 8, 9, 10, 11, 12, 13], 'queue_s': 0.001333599997451529, 'segment_compute_s': 0.04531029999634484, 'exit_head_compute_s': 0.0021988999978930224, 'exit_check_s': 0.0002590000003692694, 'worker_elapsed_s': 0.05083360000207904}], 'sample_id': 'balanced_009_0007_00007799', 'label': 9, 'correct': True, 'observed_utility': 0.08062366499507334}",balanced_009_0007_00007799,97,7799,0.18387526700098533,0.005952542011073092,1
0.00022112400620244443,0.04814080000141985,0.04814080000141985,0.11224735898940708,0.00022112400620244443,0.16421085898764431,0.04814080000141985,0.05196349999823724,0.0011515000005601905,0.16454968400648795,0.04819610000049579,0.0,0.0,0.0,0.0,0.9596041440963745,0.11224735898940708,0.00022112400620244443,unknown,0.0,0.00020229999427101575,0.0015907999986666255,0.0011515000005601905,0.04410220000136178,"{'device': [], 'edge': [0, 1, 2, 3, 4, 5, 6, 7, 8, 9, 10, 11, 12, 13]}",14,after_layer3,edge,True,9,1.0,5.0,1.0,0.16454968400648795,0.17725157996756025,9,7daa8c5929134075a5d13c08f9bfb36f,"{'device_compute': 0.00022112400620244443, 'd2e_transport': 0.11224735898940708, 'edge_queue': 0.0011515000005601905, 'edge_segment_compute': 0.04410220000136178, 'edge_exit_head_compute': 0.0015907999986666255, 'edge_exit_check': 0.00020229999427101575, 'e2c_transport': 0.0, 'cloud_queue': 0.0, 'cloud_segment_compute': 0.0, 'cloud_exit_head_compute': 0.0, 'cloud_exit_check': 0.0, 'total_latency': 0.16454968400648795, 'unattributed_overhead': 0.005034401016018819, 'request_id': '7daa8c5929134075a5d13c08f9bfb36f', 'user_id': 1, 'prediction': 9, 'exit_id': 'after_layer3', 'exit_boundary_id': 14, 'exit_location': 'edge', 'confidence': 0.9596041440963745, 'executed_segments_by_node': {'device': [], 'edge': [0, 1, 2, 3, 4, 5, 6, 7, 8, 9, 10, 11, 12, 13]}, 'nodes': [{'node': 'device', 'executed_segments': [], 'queue_s': 0.0, 'segment_compute_s': 0.0, 'exit_head_compute_s': 0.0, 'exit_check_s': 0.0, 'worker_elapsed_s': 0.00022112400620244443}, {'node': 'edge', 'executed_segments': [0, 1, 2, 3, 4, 5, 6, 7, 8, 9, 10, 11, 12, 13], 'queue_s': 0.0011515000005601905, 'segment_compute_s': 0.04410220000136178, 'exit_head_compute_s': 0.0015907999986666255, 'exit_check_s': 0.00020229999427101575, 'worker_elapsed_s': 0.04819610000049579}], 'sample_id': 'balanced_009_0008_00008116', 'label': 9, 'correct': True, 'observed_utility': 0.17725157996756025}",balanced_009_0008_00008116,98,8116,0.16454968400648795,0.005034401016018819,1
0.00021849499898962677,0.047500100001343526,0.047500100001343526,0.17639963500550948,0.00021849499898962677,0.22702583500358742,0.047500100001343526,0.050626199998077936,0.0013120000003254972,0.2273622350039659,0.047570499998982996,0.0,0.0,0.0,0.0,0.9848870635032654,0.17639963500550948,0.00021849499898962677,unknown,0.0,0.00021950000154902227,0.001631499999348307,0.0013120000003254972,0.04299899999023182,"{'device': [], 'edge': [0, 1, 2, 3, 4, 5, 6, 7, 8, 9, 10, 11, 12, 13]}",14,after_layer3,edge,True,9,1.0,5.0,1.0,0.2273622350039659,-0.13681117501982953,9,94674ae52e3547e09442dd72ab157015,"{'device_compute': 0.00021849499898962677, 'd2e_transport': 0.17639963500550948, 'edge_queue': 0.0013120000003254972, 'edge_segment_compute': 0.04299899999023182, 'edge_exit_head_compute': 0.001631499999348307, 'edge_exit_check': 0.00021950000154902227, 'e2c_transport': 0.0, 'cloud_queue': 0.0, 'cloud_segment_compute': 0.0, 'cloud_exit_head_compute': 0.0, 'cloud_exit_check': 0.0, 'total_latency': 0.2273622350039659, 'unattributed_overhead': 0.0045821050080121495, 'request_id': '94674ae52e3547e09442dd72ab157015', 'user_id': 1, 'prediction': 9, 'exit_id': 'after_layer3', 'exit_boundary_id': 14, 'exit_location': 'edge', 'confidence': 0.9848870635032654, 'executed_segments_by_node': {'device': [], 'edge': [0, 1, 2, 3, 4, 5, 6, 7, 8, 9, 10, 11, 12, 13]}, 'nodes': [{'node': 'device', 'executed_segments': [], 'queue_s': 0.0, 'segment_compute_s': 0.0, 'exit_head_compute_s': 0.0, 'exit_check_s': 0.0, 'worker_elapsed_s': 0.00021849499898962677}, {'node': 'edge', 'executed_segments': [0, 1, 2, 3, 4, 5, 6, 7, 8, 9, 10, 11, 12, 13], 'queue_s': 0.0013120000003254972, 'segment_compute_s': 0.04299899999023182, 'exit_head_compute_s': 0.001631499999348307, 'exit_check_s': 0.00021950000154902227, 'worker_elapsed_s': 0.047570499998982996}], 'sample_id': 'balanced_009_0009_00008426', 'label': 9, 'correct': True, 'observed_utility': -0.13681117501982953}",balanced_009_0009_00008426,99,8426,0.2273622350039659,0.0045821050080121495,1
